# Mass1 (GeV) Mass2 (GeV) Mass3 (GeV) Mass4 (GeV) PDG1 PDG2 PDG3 PDG4 Charge1 Charge2 Charge3 Charge4 Stability1 (1 indicates stable) Stability2 (1 indicates stable) Stability3 (1 indicates stable) Stability4 (1 indicates stable)
0.51099e-3 0.51099e-3 0 0 11 -11 -999 -999 -1 1 0 0 1 1 0 0 # e+e-
105.66e-3 105.66e-3 0 0 13 -13 -999 -999 -1 1 0 0 1 1 0 0 # mu+mu-
139.57e-3 139.57e-3 0 0 211 -211 -999 -999 1 -1 0 0 1 1 0 0 # pi+pi-
134.97e-3 134.97e-3 0 0 111 -111 -999 -999 0 0 0 0 1 1 0 0 # pi0pi0
493.7e-3 493.7e-3 0 0 321 -321 -999 -999 1 -1 0 0 1 1 0 0 # k+k-
497.7e-3 497.7e-3 0 0 130 -130 -999 -999 0 0 0 0 1 1 0 0 # klkl
497.7e-3 497.7e-3 0 0 310 -310 -999 -999 0 0 0 0 1 1 0 0 # ksks
497.7e-3 497.7e-3 0 0 130 310 -999 -999 0 0 0 0 1 1 0 0 # klks
# 139.57e-3 139.57e-3 0 0 211 -211 -999 -999 1 -1 0 0 134.97e-3 134.97e-3 0 0 111 -111 -999 -999 0 0 0 0 0 0 # "4pi"
0 0 0 0 21 -21 -999 -999 0 0 0 0 1 1 0 0 # gg
1.77686 1.77686 0 0 15 -15 -999 -999 -1 1 0 0 1 1 0 0 # tau+tau-
0.093 0.093 0 0 3 -3 -999 -999 -1/3 1/3 0 0 1 1 0 0 # s/s
1.29 1.29 0 0 4 -4 -999 -999 2/3 -2/3 0 0 1 1 0 0 # c/c
4.7 4.7 0 0 5 -5 -999 -999 -1/3 1/3 0 0 1 1 0 0 # b/b
