0.02	0.0008146413774664216
0.022	0.0008142885048752394
0.024	0.0008139012896046424
0.026000000000000002	0.0008134809548428638
0.028	0.0008130274462990873
0.03	0.0008125407172256312
0.032	0.000812020725495408
0.034	0.0008114674338732922
0.036000000000000004	0.0008108808070185941
0.038000000000000006	0.0008102608112822798
0.04	0.0008096061797320821
0.041999999999999996	0.0008089168281498962
0.044	0.0008081942055050924
0.046	0.0008074382594851115
0.048	0.0008066489404885969
0.05	0.0008058262009158433
0.052000000000000005	0.0008049699939803706
0.054000000000000006	0.0008040802751173644
0.05600000000000001	0.0008031569997438527
0.057999999999999996	0.0008022001235718489
0.06	0.0008012096023503787
0.062	0.0008001853910253557
0.064	0.0007991274454204672
0.066	0.000798035720209822
0.068	0.0007969101694001696
0.07	0.0007957507462072974
0.07200000000000001	0.0007945573863606684
0.074	0.0007933278530387051
0.076	0.0007920644500265024
0.078	0.0007907671146754196
0.08	0.0007894357842513491
0.082	0.0007880703950966099
0.084	0.000786670884307477
0.08600000000000001	0.0007852371876932042
0.08800000000000001	0.0007837692402433256
0.09000000000000001	0.0007822669759854258
0.09200000000000001	0.0007807303272306247
0.094	0.0007791592263221199
0.096	0.0007775536036506075
0.098	0.0007759133881697417
0.1	0.0007742385072931691
0.10200000000000001	0.0007725288861716301
0.10400000000000001	0.0007707844494689792
0.10600000000000001	0.0007690057482810536
0.108	0.000767192502907437
0.11	0.0007653446464274781
0.112	0.0007634618933940715
0.114	0.0007615437932895021
0.116	0.0007595902080522118
0.11800000000000001	0.000757600796166577
0.12000000000000001	0.0007555756206544783
0.12200000000000001	0.0007535143428728547
0.12400000000000001	0.0007514174281329864
0.126	0.0007492847496875667
0.128	0.0007471163298461119
0.13	0.0007449118781223804
0.132	0.0007426711939334535
0.134	0.0007403934215721614
0.136	0.0007380788805782219
0.138	0.0007357279244938797
0.13999999999999999	0.0007333404296627597
0.142	0.0007309164187765327
0.144	0.0007284556631387824
0.146	0.000725958047143345
0.148	0.0007234233670802488
0.15	0.0007208515156314174
0.152	0.0007182422952962004
0.154	0.0007155956994020111
0.156	0.0007129114532998985
0.158	0.0007101892819327173
0.16	0.0007074290499796245
0.162	0.0007046306217447272
0.164	0.0007017938194832304
0.16599999999999998	0.0006989184392059632
0.16799999999999998	0.0006960042726036453
0.16999999999999998	0.0006930511595210412
0.172	0.0006900588948530068
0.174	0.0006870272739182599
0.176	0.0006839560437049141
0.178	0.0006808450041404535
0.18	0.0006776939251652597
0.182	0.000674502542920427
0.184	0.0006712706586043712
0.186	0.0006679980183216161
0.188	0.0006646843594273254
0.19	0.0006613294070620786
0.192	0.0006579328748760963
0.194	0.0006544944800203484
0.19599999999999998	0.0006510138596821603
0.19799999999999998	0.0006474907361987335
0.19999999999999998	0.0006439248150358525
0.20199999999999999	0.0006403158533693189
0.204	0.0006366634058198312
0.206	0.0006329671357813622
0.208	0.0006292267126385415
0.21	0.000625441674204667
0.212	0.0006216115855736155
0.214	0.0006177360192165213
0.216	0.0006138145764329304
0.218	0.0006098468468347713
0.22	0.0006058323494113162
0.222	0.0006017705507552058
0.224	0.0005976609008206416
0.226	0.0005935028726433115
0.228	0.0005892959384162367
0.22999999999999998	0.0005850395251616753
0.23199999999999998	0.0005807330242717414
0.23399999999999999	0.0005763757912394754
0.236	0.0005719671814803338
0.238	0.0005675065177916733
0.24	0.000562993036482373
0.242	0.0005584259756206719
0.244	0.0005538045328780798
0.246	0.0005491276510492008
0.248	0.0005443946534076227
0.25	0.0005396046732522413
0.252	0.0005347567300069398
0.254	0.0005298498021009849
0.256	0.000524882827108028
0.258	0.0005198546820710346
0.26	0.0005147641615881866
0.262	0.0005096100089271668
0.264	0.000504390908278113
0.266	0.0004991054467399092
0.268	0.0004937521365567401
0.27	0.0004883294021853726
0.272	0.0004828355707008164
0.274	0.0004772688681379567
0.276	0.000471627405158537
0.278	0.0004659091478511422
0.28	0.00046011195411778437
0.28200000000000003	0.00045423354665042367
0.28400000000000003	0.00044827147127655964
0.28600000000000003	0.00044222310986521745
0.28800000000000003	0.0004360856281612055
0.29000000000000004	0.0004298559827394677
0.29200000000000004	0.0004235308975575269
0.29400000000000004	0.00041710679117084036
0.29600000000000004	0.00041057987185247634
0.29800000000000004	0.0004039459937806705
0.30000000000000004	0.0003972006380560349
0.30200000000000005	0.00039033886733098687
0.30400000000000005	0.000383355298550741
0.30600000000000005	0.0003762440193793883
0.30800000000000005	0.0003689985193378922
0.31	0.0003616116193601886
0.312	0.0003540753326081578
0.314	0.00034638076663928913
0.316	0.0003385179756529356
0.318	0.00033047578541955795
0.32	0.0003222415399123148
0.322	0.00031380080811873413
0.324	0.0003051370633584878
0.326	0.0002962312013909992
0.328	0.00028706094038009097
0.33	0.00027760000021217763
0.332	0.0002678170246677238
0.334	0.0002576740501646165
0.336	0.00024712429057764163
0.338	0.00023610889615744625
0.34	0.00022455180273833782
0.342	0.00021235120053183167
0.34400000000000003	0.00019936425844091764
0.34600000000000003	0.00018537652136664114
0.34800000000000003	0.00017003012205070594
0.35000000000000003	0.000152603846832622
0.35200000000000004	0.00013081744334632447
0.35400000000000004	1.4952915607261717e-6
0.35600000000000004	1.4949771200583653e-6
0.35800000000000004	1.494668269031684e-6
0.36000000000000004	1.4943648716906514e-6
0.36200000000000004	1.4940661410850742e-6
0.36400000000000005	1.4937767893222873e-6
0.36600000000000005	1.4934978839055149e-6
0.36800000000000005	1.4932236883286718e-6
0.37000000000000005	1.4929540917688232e-6
0.372	1.4926883296743928e-6
0.374	1.4924448033189584e-6
0.376	1.4922276513656117e-6
0.378	1.4920137145543069e-6
0.38	1.4918029221699953e-6
0.382	1.4915945465728335e-6
0.384	1.4913858135195233e-6
0.386	1.4911727392183464e-6
0.388	1.490962797381446e-6
0.39	1.4907559199281904e-6
0.392	1.4905513797564312e-6
0.394	1.4903507459044826e-6
0.396	1.4901747730190904e-6
0.398	1.490001084714863e-6
0.4	1.489829634430655e-6
0.402	1.4896597139009004e-6
0.404	1.489491941786683e-6
0.406	1.4893403105411272e-6
0.40800000000000003	1.489198629988421e-6
0.41000000000000003	1.4890584797818414e-6
0.41200000000000003	1.48891916676806e-6
0.41400000000000003	1.488781328424999e-6
0.41600000000000004	1.4886447554715528e-6
0.41800000000000004	1.4885070533387305e-6
0.42000000000000004	1.4883708068982047e-6
0.42200000000000004	1.4882353225717295e-6
0.42400000000000004	1.488101241656967e-6
0.42600000000000005	1.4879685389124412e-6
0.42800000000000005	1.4878316371701137e-6
0.43000000000000005	1.4876860056379572e-6
0.43200000000000005	1.48754134282905e-6
0.43400000000000005	1.4873982874833822e-6
0.43600000000000005	1.4872568097248788e-6
0.438	1.4871168803723063e-6
0.44	1.486970525835206e-6
0.442	1.4868165708890653e-6
0.444	1.4866644197781487e-6
0.446	1.4865140384010038e-6
0.448	1.486365393452263e-6
0.45	1.4862184524005791e-6
0.452	1.4860493233691813e-6
0.454	1.4858772031936102e-6
0.456	1.4857073648345064e-6
0.458	1.485539762120097e-6
0.46	1.485374350008856e-6
0.462	1.485210408326931e-6
0.464	1.4850510329439354e-6
0.466	1.4849011957272739e-6
0.468	1.4847531550634427e-6
0.47000000000000003	1.484606876312019e-6
0.47200000000000003	1.48446164701577e-6
0.47400000000000003	1.484318112771598e-6
0.47600000000000003	1.4841762413152415e-6
0.47800000000000004	1.4840344961671233e-6
0.48000000000000004	1.4838941701900663e-6
0.48200000000000004	1.483754770614735e-6
0.48400000000000004	1.4836169482978265e-6
0.48600000000000004	1.483480673705466e-6
0.48800000000000004	1.4833459179772173e-6
0.49000000000000005	1.4832148979588675e-6
0.49200000000000005	1.4830891436717468e-6
0.49400000000000005	1.4829646813881322e-6
0.49600000000000005	1.4828414879393683e-6
0.49800000000000005	1.4827195406665194e-6
0.5	1.4825988174071216e-6
0.502	1.482474011174693e-6
0.504	1.4823604223121179e-6
0.506	1.4822543313715815e-6
0.508	1.4821491275455144e-6
0.51	1.4820447964790558e-6
0.512	1.4819406353687364e-6
0.514	1.4818373191724698e-6
0.516	1.4817348343856963e-6
0.518	1.4816363671207715e-6
0.52	1.4815400361024055e-6
0.522	1.4814437100483519e-6
0.524	1.481348069957656e-6
0.526	1.4812531056331397e-6
0.528	1.4811588070683923e-6
0.53	1.4810651644434742e-6
0.532	1.4809711106784504e-6
0.534	1.48087745497542e-6
0.536	1.4807844392693807e-6
0.538	1.4806920541845884e-6
0.54	1.480600290518058e-6
0.542	1.4805084423898232e-6
0.544	1.480417197776933e-6
0.546	1.4803265282453852e-6
0.548	1.4802363994420185e-6
0.55	1.480146849815348e-6
0.552	1.480057171447285e-6
0.554	1.4799680558638466e-6
0.556	1.4798794950886137e-6
0.558	1.4797914812873798e-6
0.56	1.4797040067651013e-6
0.562	1.4796243225651985e-6
0.5640000000000001	1.4795469447910307e-6
0.5660000000000001	1.4794698932585517e-6
0.5680000000000001	1.4793931645920654e-6
0.5700000000000001	1.4793167554564674e-6
0.5720000000000001	1.479239957156653e-6
0.5740000000000001	1.4791634718373015e-6
0.5760000000000001	1.4790880030892177e-6
0.5780000000000001	1.4790190619847581e-6
0.5800000000000001	1.4789502922508224e-6
0.5820000000000001	1.478880984995679e-6
0.5840000000000001	1.478811848009681e-6
0.5860000000000001	1.4787428807153808e-6
0.5880000000000001	1.4786740825186558e-6
0.5900000000000001	1.4786054528095407e-6
0.5920000000000001	1.478536537973815e-6
0.5940000000000001	1.4784688943519436e-6
0.5960000000000001	1.4784013920168493e-6
0.598	1.4783340307800431e-6
0.6	1.4782668104308331e-6
0.602	1.478199016339354e-6
0.604	1.4781313626510638e-6
0.606	1.4780638490939685e-6
0.608	1.4779974240838235e-6
0.61	1.47794678177921e-6
0.612	1.4778952614044361e-6
0.614	1.4778435856213381e-6
0.616	1.4777917594674954e-6
0.618	1.477739787854564e-6
0.62	1.4776876755715123e-6
0.622	1.4776347066469665e-6
0.624	1.477581606274669e-6
0.626	1.4775358749652368e-6
0.628	1.4774930397159922e-6
0.63	1.4774499011005467e-6
0.632	1.4774057427034284e-6
0.634	1.4773612956107871e-6
0.636	1.4773165669092195e-6
0.638	1.477271563524835e-6
0.64	1.4772262922271254e-6
0.642	1.477179737708879e-6
0.644	1.4771307522622096e-6
0.646	1.4770815606166296e-6
0.648	1.4770321682150028e-6
0.65	1.4769825803758481e-6
0.652	1.4769320719279167e-6
0.654	1.4768813783183215e-6
0.656	1.4768305045101445e-6
0.658	1.4767794553535987e-6
0.66	1.4767293501608813e-6
0.662	1.4766809279895589e-6
0.664	1.476632282745844e-6
0.666	1.476583419899186e-6
0.668	1.47653434479907e-6
0.67	1.4764850626778027e-6
0.672	1.476434841559769e-6
0.674	1.4763844235444413e-6
0.676	1.4763338135285938e-6
0.678	1.4762836590417393e-6
0.68	1.4762353780759655e-6
0.682	1.4761840661619075e-6
0.684	1.4761325469740617e-6
0.686	1.476080825751299e-6
0.6880000000000001	1.476028907617375e-6
0.6900000000000001	1.475976797583584e-6
0.6920000000000001	1.4759237565427469e-6
0.6940000000000001	1.4758705332975261e-6
0.6960000000000001	1.475817132537091e-6
0.6980000000000001	1.4757736856541714e-6
0.7000000000000001	1.4757307274787152e-6
0.7020000000000001	1.4756866809254744e-6
0.7040000000000001	1.47564230074017e-6
0.7060000000000001	1.475597593984529e-6
0.7080000000000001	1.4755525675764234e-6
0.7100000000000001	1.4755072282930176e-6
0.7120000000000001	1.4754608316617532e-6
0.7140000000000001	1.475414135299617e-6
0.7160000000000001	1.4753726096906012e-6
0.7180000000000001	1.4753404816864561e-6
0.7200000000000001	1.475307830915833e-6
0.7220000000000001	1.475273912526231e-6
0.724	1.4752394909426028e-6
0.726	1.4752045756696884e-6
0.728	1.4751691760298142e-6
0.73	1.4751333011667122e-6
0.732	1.4750962016471846e-6
0.734	1.47505864467095e-6
0.736	1.4750243620801839e-6
0.738	1.4749929056885828e-6
0.74	1.4749609086489297e-6
0.742	1.4749276186913427e-6
0.744	1.47489380759484e-6
0.746	1.4748594848419836e-6
0.748	1.4748246597389192e-6
0.75	1.4747893414189652e-6
0.752	1.4747527729695807e-6
0.754	1.4747157290654075e-6
0.756	1.4746878305704514e-6
0.758	1.4746721978359788e-6
0.76	1.4746557772711617e-6
0.762	1.4746378125070881e-6
0.764	1.4746190863021723e-6
0.766	1.4745996114999237e-6
0.768	1.474579400715815e-6
0.77	1.4745584663417479e-6
0.772	1.4745360470170447e-6
0.774	1.4745129282328605e-6
0.776	1.4744944218814848e-6
0.778	1.4744799157281946e-6
0.78	1.4744645976866628e-6
0.782	1.4744477036495963e-6
0.784	1.4744300241376487e-6
0.786	1.4744115720153784e-6
0.788	1.4743923599250715e-6
0.79	1.4743724002909809e-6
0.792	1.4743509239531424e-6
0.794	1.474328724282446e-6
0.796	1.4743120705082784e-6
0.798	1.4742956797354733e-6
0.8	1.474278496559623e-6
0.802	1.4742597483291618e-6
0.804	1.4742402328887295e-6
0.806	1.4742199625163418e-6
0.808	1.4741989492829426e-6
0.81	1.4741772050562601e-6
0.812	1.4741539521195615e-6
0.8140000000000001	1.4741299913304096e-6
0.8160000000000001	1.4741134516704789e-6
0.8180000000000001	1.4740965951479166e-6
0.8200000000000001	1.4740789449430588e-6
0.8220000000000001	1.4740597200056946e-6
0.8240000000000001	1.4740397259971856e-6
0.8260000000000001	1.474018974919529e-6
0.8280000000000001	1.4739974785772442e-6
0.8300000000000001	1.4739752485809587e-6
0.8320000000000001	1.473951498776023e-6
0.8340000000000001	1.4739644570155019e-6
0.8360000000000001	1.4739848168905484e-6
0.8380000000000001	1.4740038626943436e-6
0.8400000000000001	1.4740216137604619e-6
0.8420000000000001	1.4740372873807068e-6
0.8440000000000001	1.4740517040146839e-6
0.8460000000000001	1.4740648820909774e-6
0.8480000000000001	1.474115728225174e-6
0.8500000000000001	1.4741942296639437e-6
0.8520000000000001	1.4742698257991853e-6
0.854	1.4743433522955433e-6
0.856	1.4744148384205833e-6
0.858	1.474484312990057e-6
0.86	1.4745717271622886e-6
0.862	1.4746601341043537e-6
0.864	1.4747462450528608e-6
0.866	1.474830092563644e-6
0.868	1.4749117086900284e-6
0.87	1.4750025103808396e-6
0.872	1.4751031821318324e-6
0.874	1.475201390579345e-6
0.876	1.4752971702245806e-6
0.878	1.4753905550424654e-6
0.88	1.4754815784906082e-6
0.882	1.4756048954111568e-6
0.884	1.475756217677007e-6
0.886	1.4759044058316505e-6
0.888	1.4760495028945656e-6
0.89	1.4761915512398676e-6
0.892	1.4763377747751507e-6
0.894	1.476485793612547e-6
0.896	1.4766307199768246e-6
0.898	1.4767725959596458e-6
0.9	1.4769114630274136e-6
0.902	1.4770465344522322e-6
0.904	1.4771894364156198e-6
0.906	1.477348700803712e-6
0.908	1.4775047286876155e-6
0.91	1.4776575635748708e-6
0.912	1.477806416303988e-6
0.914	1.4779521611478416e-6
0.916	1.478227485312833e-6
0.918	1.4785061976127375e-6
0.92	1.478780151045804e-6
0.922	1.4790485716005549e-6
0.924	1.47934552820808e-6
0.926	1.4796843284934919e-6
0.928	1.4800176091389137e-6
0.93	1.480345441877986e-6
0.932	1.4807498929082362e-6
0.934	1.4812648154727059e-6
0.936	1.4817720114864868e-6
0.9380000000000001	1.4822715799358392e-6
0.9400000000000001	1.4828136003468304e-6
0.9420000000000001	1.4833489244331289e-6
0.9440000000000001	1.4838762684856758e-6
0.9460000000000001	1.4843957340242636e-6
0.9480000000000001	1.4848690149208777e-6
0.9500000000000001	1.4853305266600851e-6
0.9520000000000001	1.4857841296355506e-6
0.9540000000000001	1.4862307635763728e-6
0.9560000000000001	1.4868508181658503e-6
0.9580000000000001	1.4881560392771425e-6
0.9600000000000001	1.489443904215619e-6
0.9620000000000001	1.4904166442501604e-6
0.9640000000000001	1.490969685115378e-6
0.9660000000000001	1.4915145009290667e-6
0.9680000000000001	1.492051194616483e-6
0.9700000000000001	1.4925798676902493e-6
0.9720000000000001	1.4930997607038835e-6
0.9740000000000001	1.4936118319776183e-6
0.9760000000000001	1.4933910474764302e-6
0.9780000000000001	1.493163678379122e-6
0.98	1.4929374486338191e-6
0.982	1.4927114833186487e-6
0.984	1.492486636216565e-6
0.986	1.4922628969388716e-6
0.988	1.4920402552152155e-6
0.99	1.4917650582675332e-6
0.992	1.4911115964689555e-6
0.994	1.4904642962313097e-6
0.996	1.4898230874841019e-6
0.998	1.489187901060455e-6
1.	1.4885586686838944e-6
1.002	1.4879344491061166e-6
1.004	1.487316049641896e-6
1.006	1.4867034046088163e-6
1.008	1.4858859901531519e-6
1.01	1.4847710778570664e-6
1.012	1.4836667995071468e-6
1.014	1.4825739022395657e-6
1.016	1.48118193438578e-6
1.018	1.4798033894820838e-6
1.02	1.478800442662289e-6
1.022	1.4779840485836034e-6
1.024	1.477175747331409e-6
1.026	1.4763754475623153e-6
1.028	1.4756423373932415e-6
1.03	1.4749654795650348e-6
1.032	1.4742942435583853e-6
1.034	1.47362944496645e-6
1.036	1.4730116923920642e-6
1.038	1.4724743474989391e-6
1.04	1.4719419327989089e-6
1.042	1.4714121562667843e-6
1.044	1.4708872999374302e-6
1.046	1.4704901087659667e-6
1.048	1.4701278705963275e-6
1.05	1.4697686478096587e-6
1.052	1.469411508754709e-6
1.054	1.469057318927995e-6
1.056	1.4687065700395816e-6
1.058	1.468370574614006e-6
1.06	1.4680372926412473e-6
1.062	1.4677057910435353e-6
1.064	1.46737694385658e-6
1.066	1.467050722102756e-6
1.068	1.4667750587688171e-6
1.07	1.4665255167339838e-6
1.072	1.4662768094791152e-6
1.074	1.4660298267084933e-6
1.076	1.4657845499392786e-6
1.078	1.4655409609122627e-6
1.08	1.465299041588803e-6
1.082	1.4650578606612619e-6
1.084	1.4648520132217696e-6
1.086	1.464652607354505e-6
1.088	1.4644543777773538e-6
1.09	1.4642573121540764e-6
1.092	1.4640604797035888e-6
1.094	1.4638647869725e-6
1.096	1.4636702220586514e-6
1.098	1.4634767732007053e-6
1.1	1.4632844287762569e-6
1.102	1.4630922535717421e-6
1.104	1.4629011599653034e-6
1.106	1.4627179401407509e-6
1.108	1.462545535264224e-6
1.11	1.4623740004877896e-6
1.112	1.4622023980040793e-6
1.114	1.462031647901862e-6
1.116	1.4618617414759312e-6
1.118	1.4616926701220094e-6
1.12	1.461524425335417e-6
1.122	1.461356064614694e-6
1.124	1.4611885137455332e-6
1.1260000000000001	1.4610217645142875e-6
1.1280000000000001	1.460855808801796e-6
1.1300000000000001	1.4607014423916816e-6
1.1320000000000001	1.4605512523826258e-6
1.1340000000000001	1.4604016724628594e-6
1.1360000000000001	1.4602526965588202e-6
1.1380000000000001	1.4601043186658365e-6
1.1400000000000001	1.4599565328472363e-6
1.1420000000000001	1.459808388650208e-6
1.1440000000000001	1.4596608248547405e-6
1.1460000000000001	1.4595138357229692e-6
1.1480000000000001	1.4593674155816071e-6
1.1500000000000001	1.4592215588211207e-6
1.1520000000000001	1.4590753100232044e-6
1.1540000000000001	1.4589296135751107e-6
1.1560000000000001	1.4587844640537282e-6
1.1580000000000001	1.4586468106983243e-6
1.1600000000000001	1.4585137909190148e-6
1.1620000000000001	1.4583802332815034e-6
1.1640000000000001	1.4582470889570697e-6
1.1660000000000001	1.4581143539721352e-6
1.1680000000000001	1.4579820243968227e-6
1.1700000000000002	1.4578500963444113e-6
1.1720000000000002	1.4577176054357477e-6
1.174	1.4575855084038577e-6
1.176	1.457453801488279e-6
1.178	1.4573224809695933e-6
1.18	1.4571915431689154e-6
1.182	1.4570600185383064e-6
1.184	1.4569288693875317e-6
1.186	1.4567980921563193e-6
1.188	1.4566676833229624e-6
1.19	1.4565425133958408e-6
1.192	1.456418511915542e-6
1.194	1.4562948018865418e-6
1.196	1.4561713806025342e-6
1.198	1.4560482453860828e-6
1.2	1.4559253935882699e-6
1.202	1.455801845848475e-6
1.204	1.4556785763136564e-6
1.206	1.4555555824183918e-6
1.208	1.4554328616244195e-6
1.21	1.455310411420312e-6
1.212	1.4551872471252752e-6
1.214	1.4550643484764576e-6
1.216	1.4549417130410077e-6
1.218	1.4548193384116405e-6
1.22	1.454697222206331e-6
1.222	1.4545759851459938e-6
1.224	1.4544580665623013e-6
1.226	1.4543403569720574e-6
1.228	1.4542228544804713e-6
1.23	1.4541055572125497e-6
1.232	1.4539874701254823e-6
1.234	1.4538695845705495e-6
1.236	1.4537518987307503e-6
1.238	1.4536344108079585e-6
1.24	1.4535171190226957e-6
1.242	1.453399022891627e-6
1.244	1.4532811193942017e-6
1.246	1.4531634068055778e-6
1.248	1.453045883418699e-6
1.25	1.452928547544084e-6
1.252	1.4528103932266736e-6
1.254	1.4526924230944662e-6
1.256	1.4525739140480256e-6
1.258	1.4524551302154963e-6
1.26	1.4523365371446062e-6
1.262	1.4522171232675843e-6
1.264	1.4520978967723062e-6
1.266	1.4519788559946683e-6
1.268	1.4518599992875271e-6
1.27	1.4517413250205057e-6
1.272	1.4516218160990986e-6
1.274	1.4515024864065761e-6
1.276	1.4513833343616997e-6
1.278	1.4512643583992334e-6
1.28	1.4511455569697596e-6
1.282	1.4510259074220139e-6
1.284	1.450906429355155e-6
1.286	1.4507871212661368e-6
1.288	1.4506679816670187e-6
1.29	1.4505480447029176e-6
1.292	1.4504255723221848e-6
1.294	1.4503032890160929e-6
1.296	1.4501811931209777e-6
1.298	1.450059282989873e-6
1.3	1.4499375569923175e-6
1.302	1.4498149810477215e-6
1.304	1.449692586024527e-6
1.306	1.449570370340676e-6
1.308	1.449448332429881e-6
1.31	1.4493264707414458e-6
1.312	1.4492037455614668e-6
1.314	1.449081193548526e-6
1.316	1.448958813197652e-6
1.318	1.4488366030187733e-6
1.32	1.4487145615365509e-6
1.322	1.4485916433741947e-6
1.324	1.4484675092627996e-6
1.326	1.4483419380268891e-6
1.328	1.4482165572325211e-6
1.33	1.4480913652238457e-6
1.332	1.4479653106825433e-6
1.334	1.447839441664009e-6
1.336	1.4477137565608053e-6
1.338	1.4475882537812754e-6
1.34	1.4474629317493658e-6
1.342	1.4473367334372895e-6
1.344	1.447210712766848e-6
1.346	1.4470848682077694e-6
1.348	1.4469591982447058e-6
1.35	1.4468337013770686e-6
1.352	1.446707314837416e-6
1.354	1.4465809144766814e-6
1.356	1.4464545719131927e-6
1.358	1.446328399245935e-6
1.36	1.4462023950219122e-6
1.362	1.4460754906801406e-6
1.364	1.4459487519176043e-6
1.366	1.4458221773229945e-6
1.368	1.4456957654985932e-6
1.37	1.4455695150601296e-6
1.372	1.4454423516472172e-6
1.374	1.4453153468914494e-6
1.3760000000000001	1.4451884994480184e-6
1.3780000000000001	1.445061807984986e-6
1.3800000000000001	1.444935603608641e-6
1.3820000000000001	1.4448103702581236e-6
1.3840000000000001	1.4446852692591558e-6
1.3860000000000001	1.4445602995029982e-6
1.3880000000000001	1.4444354598914212e-6
1.3900000000000001	1.4443107493365916e-6
1.3920000000000001	1.4441850819539953e-6
1.3940000000000001	1.4440595414832253e-6
1.3960000000000001	1.4439341268669753e-6
1.3980000000000001	1.443808837057898e-6
1.4000000000000001	1.443683671018499e-6
1.4020000000000001	1.4435573710312418e-6
1.4040000000000001	1.443431197322319e-6
1.4060000000000001	1.443305148822666e-6
1.4080000000000001	1.4431795793879868e-6
1.4100000000000001	1.4430546402148347e-6
1.4120000000000001	1.442928718655348e-6
1.4140000000000001	1.4428029104886202e-6
1.4160000000000001	1.442677214762721e-6
1.4180000000000001	1.4425516305347235e-6
1.4200000000000002	1.4424261568706029e-6
1.4220000000000002	1.4422996900926865e-6
1.4240000000000002	1.442173332036934e-6
1.4260000000000002	1.4420470817954697e-6
1.428	1.4419209384689505e-6
1.43	1.441794901166473e-6
1.432	1.4416678602086202e-6
1.434	1.4415399729736921e-6
1.436	1.4414097653750904e-6
1.438	1.4412796899429675e-6
1.44	1.441149745570952e-6
1.442	1.4410188162883316e-6
1.444	1.4408880158840547e-6
1.446	1.4407573432825126e-6
1.448	1.4406267974181363e-6
1.45	1.4404973960121305e-6
1.452	1.440369528919257e-6
1.454	1.4402417546074044e-6
1.456	1.4401140723138928e-6
1.458	1.4399864812830815e-6
1.46	1.4398589807662953e-6
1.462	1.439730442884823e-6
1.464	1.439601994040634e-6
1.466	1.43947363350552e-6
1.468	1.4393453605579532e-6
1.47	1.4392171744830196e-6
1.472	1.4390879412474468e-6
1.474	1.4389587934742417e-6
1.476	1.4388297304679206e-6
1.478	1.438700751539343e-6
1.48	1.4385726055074127e-6
1.482	1.4384439117482537e-6
1.484	1.4383152893246279e-6
1.486	1.4381867376619767e-6
1.488	1.4380582561909378e-6
1.49	1.4379298443472912e-6
1.492	1.4378003557469047e-6
1.494	1.437670935660691e-6
1.496	1.4375415835395487e-6
1.498	1.437412298839312e-6
1.5	1.4372830810207033e-6
1.502	1.4371527774073217e-6
1.504	1.437022539611476e-6
1.506	1.4368923671082556e-6
1.508	1.4367623019732767e-6
1.51	1.436632329592212e-6
1.512	1.4365012618559907e-6
1.514	1.4363702567702115e-6
1.516	1.4362393138378053e-6
1.518	1.4361084325661206e-6
1.52	1.4359776124668795e-6
1.522	1.4358456881325886e-6
1.524	1.4357138240071331e-6
1.526	1.4355826572204843e-6
1.528	1.4354517893570638e-6
1.53	1.4353209730452673e-6
1.532	1.4351890364865881e-6
1.534	1.4350571506750846e-6
1.536	1.4349253152138223e-6
1.538	1.4347935297093473e-6
1.54	1.43466179377165e-6
1.542	1.4345289290905175e-6
1.544	1.4343961132063467e-6
1.546	1.4342633457392631e-6
1.548	1.4341306263127043e-6
1.55	1.4339979545533877e-6
1.552	1.4338641844831936e-6
1.554	1.4337307086044789e-6
1.556	1.4335972769710189e-6
1.558	1.4334638892408997e-6
1.56	1.433330545075166e-6
1.562	1.4331960529655538e-6
1.564	1.4330616037511779e-6
1.566	1.4329271971017873e-6
1.568	1.4327928326899766e-6
1.57	1.4326585101911577e-6
1.572	1.4325230313829434e-6
1.574	1.4323877581347071e-6
1.576	1.4322526613427546e-6
1.578	1.4321176027936022e-6
1.58	1.431982582195277e-6
1.582	1.4318463469730204e-6
1.584	1.4317101507308975e-6
1.586	1.4315739931640974e-6
1.588	1.4314378739704622e-6
1.59	1.4313017928504612e-6
1.592	1.4311646440188122e-6
1.594	1.4310283188725369e-6
1.596	1.4308920235928618e-6
1.598	1.4307557579492658e-6
1.6	1.430619521713214e-6
1.602	1.4304820960954381e-6
1.604	1.4303446994340156e-6
1.606	1.4302073315062524e-6
1.608	1.4300699920913661e-6
1.61	1.4299326809704645e-6
1.612	1.4297941722981197e-6
1.614	1.4296556914875786e-6
1.616	1.4295177217054137e-6
1.618	1.4293800261232139e-6
1.62	1.4292423518595095e-6
1.622	1.4291034659590105e-6
1.624	1.428964601055963e-6
1.6260000000000001	1.4288257569918792e-6
1.6280000000000001	1.4286869336096074e-6
1.6300000000000001	1.428548130753323e-6
1.6320000000000001	1.4284081082015681e-6
1.6340000000000001	1.4282681058680755e-6
1.6360000000000001	1.4281281236009216e-6
1.6380000000000001	1.427988161249458e-6
1.6400000000000001	1.427848218664301e-6
1.6420000000000001	1.4277073402350496e-6
1.6440000000000001	1.4275666272159952e-6
1.6460000000000001	1.4274259300344759e-6
1.6480000000000001	1.427285248573187e-6
1.6500000000000001	1.4271445827157981e-6
1.6520000000000001	1.4270026773811825e-6
1.6540000000000001	1.426860787420693e-6
1.6560000000000001	1.4267189127208683e-6
1.6580000000000001	1.4265770531691848e-6
1.6600000000000001	1.4264352086540494e-6
1.6620000000000001	1.4262921164558473e-6
1.6640000000000001	1.4261490390737619e-6
1.6660000000000001	1.4260059763989367e-6
1.6680000000000001	1.425862928323413e-6
1.6700000000000002	1.4257198947401182e-6
1.6720000000000002	1.425575605149041e-6
1.6740000000000002	1.4254311878038208e-6
1.6760000000000002	1.4252867694947705e-6
1.6780000000000002	1.4251423664867876e-6
1.6800000000000002	1.4249979786677385e-6
1.6820000000000002	1.424852327595808e-6
1.6840000000000002	1.4247066914912886e-6
1.686	1.4245610702447746e-6
1.688	1.4244154637477536e-6
1.69	1.4242698718925973e-6
1.692	1.4241230081423524e-6
1.694	1.4239761588213382e-6
1.696	1.4238295855164234e-6
1.698	1.4236830386717421e-6
1.7	1.423536503830389e-6
1.702	1.423388686201509e-6
1.704	1.4232408804035325e-6
1.706	1.4230930863512884e-6
1.708	1.4229453039602902e-6
1.71	1.4227975331467322e-6
1.712	1.4226484706621576e-6
1.714	1.422499419589425e-6
1.716	1.4223503798467297e-6
1.718	1.4222013513529229e-6
1.72	1.4220523340275049e-6
1.722	1.4219020159640375e-6
1.724	1.4217517693870768e-6
1.726	1.4216017668955643e-6
1.728	1.4214517730303544e-6
1.73	1.4213017877306094e-6
1.732	1.4211504902337394e-6
1.734	1.4209992011820975e-6
1.736	1.4208479205162767e-6
1.738	1.4206966481773385e-6
1.74	1.4205453841068095e-6
1.742	1.4203927984393055e-6
1.744	1.4202402209246396e-6
1.746	1.4200876515057062e-6
1.748	1.4199350901258483e-6
1.75	1.419782536728853e-6
1.752	1.419628652100884e-6
1.754	1.4194747753446696e-6
1.756	1.4193209064053058e-6
1.758	1.4191670452283185e-6
1.76	1.419013179031427e-6
1.762	1.4188579455565325e-6
1.764	1.4187027202470333e-6
1.766	1.4185475030444344e-6
1.768	1.4183922938907063e-6
1.77	1.4182370927282822e-6
1.772	1.418080540834427e-6
1.774	1.4179239968181123e-6
1.776	1.4177674606231333e-6
1.778	1.417610932193731e-6
1.78	1.4174544114745888e-6
1.782	1.4172965295508105e-6
1.784	1.417138655227969e-6
1.786	1.416980788452051e-6
1.788	1.4168229579079923e-6
1.79	1.416665186615719e-6
1.792	1.4165060427213479e-6
1.794	1.4163469055522196e-6
1.796	1.4161877750609155e-6
1.798	1.4160286512003878e-6
1.8	1.415869533923959e-6
1.802	1.4157090329525275e-6
1.804	1.415548538472931e-6
1.806	1.4153880504395776e-6
1.808	1.415227568807232e-6
1.81	1.4150670935310109e-6
1.812	1.4149052231102644e-6
1.814	1.4147433589569233e-6
1.816	1.4145815010271452e-6
1.818	1.414419770776336e-6
1.82	1.4142580561644212e-6
1.822	1.4140949335933998e-6
1.824	1.4139318160975896e-6
1.826	1.4137687036419082e-6
1.828	1.4136055961915451e-6
1.83	1.4134424937119566e-6
1.832	1.4132779710693924e-6
1.834	1.4131134533293106e-6
1.836	1.412948940457957e-6
1.838	1.4127844324218371e-6
1.84	1.4126199291877127e-6
1.842	1.4124539931495097e-6
1.844	1.4122880618475865e-6
1.846	1.412122135249461e-6
1.848	1.411956223711263e-6
1.85	1.411790396020991e-6
1.852	1.411623121757765e-6
1.854	1.4114558514145288e-6
1.856	1.4112885849647045e-6
1.858	1.4111213223819155e-6
1.86	1.4109540636399838e-6
1.862	1.410785344742647e-6
1.864	1.4106166296344037e-6
1.866	1.410447918289665e-6
1.868	1.4102792106830336e-6
1.87	1.410110506789304e-6
1.872	1.409940328625996e-6
1.874	1.4097701541257444e-6
1.8760000000000001	1.4095999832639084e-6
1.8780000000000001	1.4094298160160298e-6
1.8800000000000001	1.409259653795825e-6
1.8820000000000001	1.4090880420462376e-6
1.8840000000000001	1.40891643354201e-6
1.8860000000000001	1.4087448282614896e-6
1.8880000000000001	1.408573226183184e-6
1.8900000000000001	1.4084016272857616e-6
1.8920000000000001	1.4082285238660716e-6
1.8940000000000001	1.4080554235850752e-6
1.8960000000000001	1.407882326421912e-6
1.8980000000000001	1.407709232355876e-6
1.9000000000000001	1.407536141366415e-6
1.9020000000000001	1.4073615299386607e-6
1.9040000000000001	1.4071869215468315e-6
1.9060000000000001	1.4070123161708277e-6
1.9080000000000001	1.4068377137906971e-6
1.9100000000000001	1.4066631143866354e-6
1.9120000000000001	1.4064869779448954e-6
1.9140000000000001	1.4063108779001397e-6
1.9160000000000001	1.4061347966039266e-6
1.9180000000000001	1.4059587178545834e-6
1.9200000000000002	1.4057826416354473e-6
1.9220000000000002	1.405605010706108e-6
1.9240000000000002	1.4054273822740153e-6
1.9260000000000002	1.4052497563228684e-6
1.9280000000000002	1.4050721328364868e-6
1.9300000000000002	1.4048945117988058e-6
1.9320000000000002	1.4047153179646744e-6
1.9340000000000002	1.4045361265474666e-6
1.9360000000000002	1.4043569375314662e-6
1.9380000000000002	1.4041777509010711e-6
1.94	1.4039985666407932e-6
1.942	1.4038177843878515e-6
1.944	1.4036370046063474e-6
1.946	1.403456227279741e-6
1.948	1.4032754523916154e-6
1.95	1.4030947112631328e-6
1.952	1.4029123649559247e-6
1.954	1.4027300207638397e-6
1.956	1.402547678672871e-6
1.958	1.402365338669114e-6
1.96	1.402183000738767e-6
1.962	1.4019990304779516e-6
1.964	1.401815062263246e-6
1.966	1.4016310960811504e-6
1.968	1.4014471319182634e-6
1.97	1.4012631697612829e-6
1.972	1.401077553594279e-6
1.974	1.4008919394068673e-6
1.976	1.400706327186034e-6
1.978	1.4005207169188617e-6
1.98	1.4003351085925263e-6
1.982	1.4001478235372185e-6
1.984	1.3999605403973795e-6
1.986	1.399773259160464e-6
1.988	1.399585991843629e-6
1.99	1.399398742342589e-6
1.992	1.3992097920913345e-6
1.994	1.3990208434942246e-6
1.996	1.3988318965405344e-6
1.998	1.398642951219617e-6
2.	1.398454007520901e-6
2.002	1.3982633380918294e-6
2.004	1.398072670264046e-6
2.006	1.3978820040272073e-6
2.008	1.3976913393710428e-6
2.01	1.3975006762853566e-6
2.012	1.3973082612538517e-6
2.014	1.3971158477726522e-6
2.016	1.3969234358317786e-6
2.018	1.3967310254213245e-6
2.02	1.3965386165314535e-6
2.0220000000000002	1.3963444281730864e-6
2.024	1.3961502413158394e-6
2.0260000000000002	1.3959560559500861e-6
2.028	1.3957618838065521e-6
2.0300000000000002	1.3955677196429583e-6
2.032	1.395371746977003e-6
2.0340000000000003	1.395175775637053e-6
2.036	1.3949798056146781e-6
2.0380000000000003	1.3947838369015107e-6
2.04	1.3945878694892393e-6
2.0420000000000003	1.394390063211744e-6
2.044	1.3941922582187005e-6
2.0460000000000003	1.3939944545019732e-6
2.048	1.3937966520534834e-6
2.0500000000000003	1.3935988508652104e-6
2.052	1.3933991789039475e-6
2.0540000000000003	1.393199508187027e-6
2.056	1.3929998387065956e-6
2.0580000000000003	1.3928001704548546e-6
2.06	1.39260050342406e-6
2.0620000000000003	1.392398932080702e-6
2.064	1.3921973619429652e-6
2.0660000000000003	1.3919957930032673e-6
2.068	1.3917942313102282e-6
2.07	1.3915926779207235e-6
2.072	1.3913891848652868e-6
2.074	1.3911856928876902e-6
2.076	1.3909822019812096e-6
2.078	1.3907787121391679e-6
2.08	1.3905752233549344e-6
2.082	1.3903697578273555e-6
2.084	1.3901642933444601e-6
2.086	1.3899588298997545e-6
2.088	1.3897533674867887e-6
2.09	1.3895479060991583e-6
2.092	1.3893404289730883e-6
2.094	1.3891329528596763e-6
2.096	1.388925477752649e-6
2.098	1.3887180036457763e-6
2.1	1.3885105305328714e-6
2.102	1.3883010006647052e-6
2.104	1.388091471778259e-6
2.106	1.3878819438674726e-6
2.108	1.3876724169263266e-6
2.11	1.3874629048521932e-6
2.112	1.3872512947976716e-6
2.114	1.3870396855878052e-6
2.116	1.3868280772174332e-6
2.118	1.3866164696814303e-6
2.12	1.386404862974705e-6
2.122	1.3861911080786977e-6
2.124	1.3859773540517367e-6
2.126	1.3857636008883457e-6
2.128	1.3855498485830891e-6
2.13	1.3853360971305664e-6
2.132	1.3851201525783892e-6
2.134	1.384904208868261e-6
2.136	1.3846882659948946e-6
2.138	1.3844723239530395e-6
2.14	1.3842563827374813e-6
2.142	1.3840381981848917e-6
2.144	1.3838200144482794e-6
2.146	1.3836018315225384e-6
2.148	1.3833836494025971e-6
2.15	1.3831654680834197e-6
2.152	1.3829449905762628e-6
2.154	1.382724521152765e-6
2.156	1.3825040583448995e-6
2.158	1.3822835962267163e-6
2.16	1.382063134793953e-6
2.162	1.3818403214851274e-6
2.164	1.3816175088532836e-6
2.166	1.3813946968942473e-6
2.168	1.3811718856038703e-6
2.17	1.3809490749780346e-6
2.172	1.3807238539952629e-6
2.174	1.380498633668879e-6
2.176	1.380273413994848e-6
2.178	1.3800481949691622e-6
2.18	1.379822976587841e-6
2.182	1.379595286338715e-6
2.184	1.3793675967260744e-6
2.186	1.379139907746019e-6
2.188	1.3789122193946763e-6
2.19	1.3786845316681988e-6
2.192	1.3784543073835502e-6
2.194	1.378224083716151e-6
2.196	1.3779938606622313e-6
2.198	1.3777636382180474e-6
2.2	1.3775334189182735e-6
2.202	1.3773005958174938e-6
2.204	1.3770677732927475e-6
2.206	1.376834951340537e-6
2.208	1.3766021299573874e-6
2.21	1.3763693091398483e-6
2.212	1.3761338121975246e-6
2.214	1.3758983158139783e-6
2.216	1.3756628199858275e-6
2.218	1.3754273247097124e-6
2.22	1.3751918299822962e-6
2.222	1.3749535839501633e-6
2.224	1.3747153384601217e-6
2.226	1.3744770935089016e-6
2.228	1.3742388490932538e-6
2.23	1.3740006052099518e-6
2.232	1.3737595310096163e-6
2.234	1.3735184573352366e-6
2.236	1.3732773841836494e-6
2.238	1.3730363115517127e-6
2.24	1.3727952394363052e-6
2.242	1.3725512539822178e-6
2.244	1.3723072741619697e-6
2.246	1.3720632955972234e-6
2.248	1.3718193174975019e-6
2.25	1.3715753398600344e-6
2.2520000000000002	1.3713283616318205e-6
2.254	1.371081383860374e-6
2.2560000000000002	1.3708344065429792e-6
2.258	1.3705874296769365e-6
2.2600000000000002	1.3703404532595666e-6
2.262	1.3700903846599425e-6
2.2640000000000002	1.3698403165036823e-6
2.266	1.3695902487881571e-6
2.2680000000000002	1.3693401815107561e-6
2.27	1.3690901146688855e-6
2.2720000000000002	1.3688368594809355e-6
2.274	1.3685836047233784e-6
2.2760000000000002	1.368330350393671e-6
2.278	1.3680770964892871e-6
2.2800000000000002	1.3678238430077159e-6
2.282	1.3675673002459733e-6
2.2840000000000003	1.3673107579020716e-6
2.286	1.3670542159735499e-6
2.2880000000000003	1.366797677709041e-6
2.29	1.3665411426126406e-6
2.2920000000000003	1.3662812122895482e-6
2.294	1.3660212823330388e-6
2.2960000000000003	1.3657613527409727e-6
2.298	1.3655014235112234e-6
2.3000000000000003	1.365241494641679e-6
2.302	1.3649780581645007e-6
2.3040000000000003	1.3647146220655349e-6
2.306	1.364451186342501e-6
2.3080000000000003	1.3641877509931356e-6
2.31	1.3639243160151885e-6
2.3120000000000003	1.3636572582667048e-6
2.314	1.3633902008851848e-6
2.3160000000000003	1.3631231438684234e-6
2.318	1.3628560872142303e-6
2.3200000000000003	1.3625890309204289e-6
2.322	1.3623182297682962e-6
2.3240000000000003	1.362047428972246e-6
2.326	1.3617766285301452e-6
2.328	1.361505828439874e-6
2.33	1.3612350286993271e-6
2.332	1.360960356185291e-6
2.334	1.3606856884798462e-6
2.336	1.3604110224554232e-6
2.338	1.360136356733323e-6
2.34	1.3598616913117555e-6
2.342	1.3595830191130406e-6
2.344	1.3593043472113149e-6
2.346	1.3590256756048227e-6
2.348	1.3587470042918217e-6
2.35	1.3584683332705794e-6
2.352	1.3581855152333437e-6
2.354	1.3579026974844365e-6
2.356	1.3576198800221593e-6
2.358	1.357337062844825e-6
2.36	1.3570542459507568e-6
2.362	1.3567671352995998e-6
2.364	1.3564800249283886e-6
2.366	1.3561929148354787e-6
2.368	1.3559058050192374e-6
2.37	1.3556186954780412e-6
2.372	1.3553271387078306e-6
2.374	1.355035582209451e-6
2.376	1.3547440259813104e-6
2.378	1.354452470021827e-6
2.38	1.3541609158232085e-6
2.382	1.353864755233416e-6
2.384	1.3535685948893247e-6
2.386	1.3532724347895073e-6
2.388	1.3529762749325444e-6
2.39	1.3526801153170268e-6
2.392	1.3523791804015964e-6
2.394	1.3520782457248191e-6
2.396	1.3517773112853123e-6
2.398	1.3514763770817023e-6
2.4	1.3511754431126237e-6
2.402	1.3508695588060011e-6
2.404	1.350563674731206e-6
2.406	1.350257790886899e-6
2.408	1.3499519072717493e-6
2.41	1.349646023884435e-6
2.412	1.3493350074789664e-6
2.414	1.3490239912987136e-6
2.416	1.3487129753423797e-6
2.418	1.348401959608675e-6
2.42	1.3480909440963195e-6
2.422	1.3477746050195348e-6
2.424	1.3474582661615616e-6
2.426	1.3471419275211427e-6
2.428	1.3468255894751532e-6
2.43	1.3465092517092774e-6
2.432	1.3461873917458763e-6
2.434	1.3458655319922257e-6
2.436	1.3455436724471257e-6
2.438	1.3452218131093832e-6
2.44	1.3448999539778133e-6
2.442	1.3445723657220662e-6
2.444	1.3442447776701433e-6
2.446	1.3439171898208824e-6
2.448	1.3435896021731269e-6
2.45	1.343262014725729e-6
2.452	1.3429284827255596e-6
2.454	1.342594950923472e-6
2.456	1.3422614193183393e-6
2.458	1.3419278879090413e-6
2.46	1.3415943566944656e-6
2.462	1.3412546567998437e-6
2.464	1.3409149570977386e-6
2.466	1.3405752575870578e-6
2.468	1.3402355582667158e-6
2.47	1.3398958591356339e-6
2.472	1.339549758662817e-6
2.474	1.3392036596840696e-6
2.476	1.3388575608808374e-6
2.478	1.338511462252131e-6
2.48	1.3381653637969676e-6
2.482	1.3378126209589302e-6
2.484	1.3374598783030932e-6
2.486	1.3371071358283942e-6
2.488	1.3367543935337785e-6
2.49	1.3364016514181975e-6
2.492	1.3360420142474907e-6
2.494	1.3356823772537411e-6
2.496	1.335322740435921e-6
2.498	1.3349631037930075e-6
2.5	1.3346034673239857e-6
2.5020000000000002	1.3342366751447442e-6
2.504	1.3338698831373821e-6
2.5060000000000002	1.3335030913009033e-6
2.508	1.333136299634317e-6
2.5100000000000002	1.3327695081366397e-6
2.512	1.332395290784036e-6
2.5140000000000002	1.3320210735983917e-6
2.516	1.3316468588078833e-6
2.5180000000000002	1.3312726451129436e-6
2.52	1.3308984315613266e-6
2.5220000000000002	1.3305165123944177e-6
2.524	1.330134593369196e-6
2.5260000000000002	1.329752674484851e-6
2.528	1.3293707557405783e-6
2.5300000000000002	1.3289888371355773e-6
2.532	1.3285989234986484e-6
2.5340000000000003	1.3282090099994061e-6
2.536	1.3278190966370654e-6
2.5380000000000003	1.3274291834108458e-6
2.54	1.3270392703199719e-6
2.5420000000000003	1.3266410630459298e-6
2.544	1.326242855905697e-6
2.5460000000000003	1.325844648898513e-6
2.548	1.3254464420236205e-6
2.5500000000000003	1.3250482352802686e-6
2.552	1.3246414254389177e-6
2.5540000000000003	1.3242346157276175e-6
2.556	1.3238278061456312e-6
2.5580000000000003	1.323420996692225e-6
2.56	1.3230141873666706e-6
2.5620000000000003	1.3225984574851905e-6
2.564	1.3221827315604872e-6
2.5660000000000003	1.3217670057289172e-6
2.568	1.3213512799899652e-6
2.5700000000000003	1.3209355543431192e-6
2.572	1.3205105784868408e-6
2.5740000000000003	1.3200856027216534e-6
2.576	1.3196606270470534e-6
2.5780000000000003	1.3192356514625404e-6
2.58	1.3188106759676183e-6
2.582	1.3183761122071503e-6
2.584	1.317941548535288e-6
2.586	1.3175069849515437e-6
2.588	1.3170724214554321e-6
2.59	1.316637858046472e-6
2.592	1.3161933587732871e-6
2.594	1.3157488595862983e-6
2.596	1.3153043604850315e-6
2.598	1.3148598614690166e-6
2.6	1.3144153625377858e-6
2.602	1.3139605707554017e-6
2.604	1.3135057790568743e-6
2.606	1.313050987441746e-6
2.608	1.3125961959095588e-6
2.61	1.31214140445986e-6
2.612	1.311675953983886e-6
2.614	1.3112105035895008e-6
2.616	1.3107450532762586e-6
2.618	1.310279603043717e-6
2.62	1.3098141528914357e-6
2.622	1.3093376685984918e-6
2.624	1.3088611862490922e-6
2.626	1.3083847041885496e-6
2.628	1.3079082221934625e-6
2.63	1.3074317402634805e-6
2.632	1.3069438404271726e-6
2.634	1.306455940655275e-6
2.636	1.3059680409474421e-6
2.638	1.3054801413033328e-6
2.64	1.3049922417226058e-6
2.642	1.3044925322007891e-6
2.644	1.3039928227416802e-6
2.646	1.3034931133449446e-6
2.648	1.3029934040102502e-6
2.65	1.3024936947372664e-6
2.652	1.3019817756200754e-6
2.654	1.3014698565639394e-6
2.656	1.3009579375685346e-6
2.658	1.3004460186335376e-6
2.66	1.2999340997586279e-6
2.662	1.2994095634365026e-6
2.664	1.2988850271777598e-6
2.666	1.2983604909820523e-6
2.668	1.2978359548490329e-6
2.67	1.297311418778359e-6
2.672	1.2967738514200086e-6
2.674	1.296236284123322e-6
2.676	1.2956987168879613e-6
2.678	1.2951611497135915e-6
2.68	1.2946235825998785e-6
2.682	1.2940725637983132e-6
2.684	1.2935215450567437e-6
2.686	1.2929705263748427e-6
2.688	1.2924195077522847e-6
2.69	1.2918684891887454e-6
2.692	1.29130359296213e-6
2.694	1.290738696793892e-6
2.696	1.290173800569665e-6
2.698	1.2896089043847e-6
2.7	1.2890440082580173e-6
2.702	1.288464803663934e-6
2.704	1.2878855991275004e-6
2.706	1.2873063946484036e-6
2.708	1.2867271902263315e-6
2.71	1.2861479858609746e-6
2.712	1.285554038210999e-6
2.714	1.2849600906171245e-6
2.716	1.2843661430790466e-6
2.718	1.2837721955964638e-6
2.72	1.283178248169074e-6
2.722	1.2825691195200855e-6
2.724	1.2819599909256947e-6
2.726	1.2813508623856064e-6
2.728	1.280741733899527e-6
2.73	1.2801326054671643e-6
2.732	1.27950785572413e-6
2.734	1.278883106034234e-6
2.736	1.2782583563971895e-6
2.738	1.277633606812712e-6
2.74	1.2770088572805179e-6
2.742	1.2763680452401948e-6
2.744	1.2757272332515937e-6
2.746	1.275086421314436e-6
2.748	1.2744456094284451e-6
2.75	1.2738047975933459e-6
2.7520000000000002	1.2731474820641378e-6
2.754	1.2724901665852765e-6
2.7560000000000002	1.2718328511564911e-6
2.758	1.2711755357775132e-6
2.7600000000000002	1.2705182204480762e-6
2.762	1.2698439615174518e-6
2.7640000000000002	1.2691697028689837e-6
2.766	1.2684954442673488e-6
2.7680000000000002	1.2678211857122982e-6
2.77	1.267146927203583e-6
2.7720000000000002	1.2664552875182234e-6
2.774	1.265763647878707e-6
2.7760000000000002	1.2650720082847901e-6
2.778	1.2643803687362295e-6
2.7800000000000002	1.2636887292327845e-6
2.782	1.2629792748713278e-6
2.7840000000000003	1.2622698205545084e-6
2.786	1.2615603662820892e-6
2.7880000000000003	1.260850912053835e-6
2.79	1.2601414578695115e-6
2.7920000000000003	1.2594137603795789e-6
2.794	1.2586860629331126e-6
2.7960000000000003	1.2579583655298817e-6
2.798	1.2572306681696582e-6
2.8000000000000003	1.2565029708522142e-6
2.802	1.2557566084959916e-6
2.8040000000000003	1.2550102461820968e-6
2.806	1.2542638839103073e-6
2.8080000000000003	1.2535175216804e-6
2.81	1.2527711594921545e-6
2.8120000000000003	1.252005718790176e-6
2.814	1.2512402781294209e-6
2.8160000000000003	1.2504748375096718e-6
2.818	1.2497093969307127e-6
2.8200000000000003	1.2489439563923287e-6
2.822	1.248159033725514e-6
2.8240000000000003	1.2473741111612417e-6
2.826	1.2465891888142665e-6
2.8280000000000003	1.2458042665055476e-6
2.83	1.2450193442348848e-6
2.8320000000000003	1.2442145477344163e-6
2.834	1.2434097512716066e-6
2.836	1.2426049548462587e-6
2.838	1.2418001584581771e-6
2.84	1.240995362107167e-6
2.842	1.240170312476878e-6
2.844	1.2393452628855651e-6
2.846	1.2385202133330178e-6
2.848	1.237695163819027e-6
2.85	1.2368701143433842e-6
2.852	1.2360244478244425e-6
2.854	1.2351787813434368e-6
2.856	1.2343331149001633e-6
2.858	1.2334874484944183e-6
2.86	1.2326417821260002e-6
2.862	1.2317751515054482e-6
2.864	1.2309085209218233e-6
2.866	1.2300418903749258e-6
2.868	1.22917525986456e-6
2.87	1.2283086293905282e-6
2.872	1.2274207059666708e-6
2.874	1.2265327825787593e-6
2.876	1.2256448592266014e-6
2.878	1.2247569359100048e-6
2.88	1.2238690126287802e-6
2.882	1.222959488010332e-6
2.884	1.2220499634268781e-6
2.886	1.2211404388782304e-6
2.888	1.2202309147726792e-6
2.89	1.2193213909832579e-6
2.892	1.218389979573508e-6
2.894	1.217458568193506e-6
2.896	1.216527156843095e-6
2.898	1.215595745522119e-6
2.9	1.2146643342304228e-6
2.902	1.213710772934097e-6
2.904	1.2127572116667436e-6
2.906	1.2118036504282098e-6
2.908	1.2108500892183446e-6
2.91	1.2098965280369964e-6
2.912	1.2089205801215705e-6
2.914	1.207944632234363e-6
2.916	1.2069686843752262e-6
2.918	1.2059927365440123e-6
2.92	1.2050167887405755e-6
2.922	1.2040182448506417e-6
2.924	1.2030197009881942e-6
2.926	1.202021157153089e-6
2.928	1.201022613345183e-6
2.93	1.200024069564334e-6
2.932	1.1990027493917485e-6
2.934	1.1979814292459378e-6
2.936	1.1969601091267618e-6
2.938	1.1959387890340817e-6
2.94	1.194917468967759e-6
2.942	1.1938732228556595e-6
2.944	1.1928289767696437e-6
2.946	1.1917847307095746e-6
2.948	1.190740484675318e-6
2.95	1.189696238666738e-6
2.952	1.188628949133065e-6
2.954	1.1875616596248026e-6
2.956	1.18649437029239e-6
2.958	1.1854270812209883e-6
2.96	1.1843597921722269e-6
2.962	1.1832693757199216e-6
2.964	1.1821789592900238e-6
2.966	1.1810885428824177e-6
2.968	1.1799981264969889e-6
2.97	1.1789077101336233e-6
2.972	1.1777941174129412e-6
2.974	1.176680524714096e-6
2.976	1.1755669320369763e-6
2.978	1.1744533393814697e-6
2.98	1.1733397467474668e-6
2.982	1.172202964919847e-6
2.984	1.1710661831135108e-6
2.986	1.1699294013283486e-6
2.988	1.1687926195642524e-6
2.99	1.1676558378211138e-6
2.992	1.166495891223061e-6
2.994	1.1653359446457521e-6
2.996	1.1641759980890816e-6
2.998	1.1630160515529444e-6
3.	1.161856105037235e-6
3.0020000000000002	1.160673056086778e-6
3.004	1.1594900071565412e-6
3.0060000000000002	1.1583069582464214e-6
3.008	1.1571239093563168e-6
3.0100000000000002	1.155940860486125e-6
3.012	1.1547348104256129e-6
3.0140000000000002	1.1535287603848113e-6
3.016	1.1523227103636202e-6
3.0180000000000002	1.15111666036194e-6
3.02	1.1499106103796719e-6
3.0220000000000002	1.1486816997549648e-6
3.024	1.1474527891506422e-6
3.0260000000000002	1.1462238785665966e-6
3.028	1.1449949680027228e-6
3.0300000000000002	1.1437660576254838e-6
3.032	1.1425144672624059e-6
3.0340000000000003	1.1412628769171467e-6
3.036	1.1400112865896145e-6
3.0380000000000003	1.1387596962797167e-6
3.04	1.1375081059873621e-6
3.0420000000000003	1.1362340559186924e-6
3.044	1.1349600058673855e-6
3.0460000000000003	1.1336859558333504e-6
3.048	1.1324119058164994e-6
3.0500000000000003	1.131137855816742e-6
3.052	1.1298416063535328e-6
3.0540000000000003	1.1285453569072416e-6
3.056	1.1272491074777818e-6
3.0580000000000003	1.125952858065066e-6
3.06	1.1246566086690088e-6
3.0620000000000003	1.1233384598407877e-6
3.064	1.1220203110290535e-6
3.0660000000000003	1.1207021622337215e-6
3.068	1.119384013454707e-6
3.0700000000000003	1.1180658646919264e-6
3.072	1.116726155808475e-6
3.0740000000000003	1.1153864469410908e-6
3.076	1.1140467380896917e-6
3.0780000000000003	1.112707029254195e-6
3.08	1.11136732043452e-6
3.0820000000000003	1.1100064294322493e-6
3.084	1.1086455384456379e-6
3.0860000000000003	1.1072846474746056e-6
3.088	1.1059237565190729e-6
3.0900000000000003	1.1045628655789596e-6
3.092	1.1031812081516294e-6
3.094	1.1017995507395612e-6
3.096	1.1004178933426779e-6
3.098	1.0990362359609013e-6
3.1	1.097654578594154e-6
3.102	1.0962526071097963e-6
3.104	1.094850635640315e-6
3.106	1.0934486643230517e-6
3.108	1.092046693074532e-6
3.11	1.0906447218394896e-6
3.112	1.08922292423669e-6
3.114	1.0878011266472317e-6
3.116	1.086379329071047e-6
3.118	1.0849575315080692e-6
3.12	1.083535733958231e-6
3.122	1.0820946316767961e-6
3.124	1.0806535294083685e-6
3.126	1.079212427152884e-6
3.128	1.0777713249102758e-6
3.13	1.0763302226804808e-6
3.132	1.0748703695490034e-6
3.134	1.07341051643021e-6
3.136	1.0719506633240362e-6
3.138	1.070490810230419e-6
3.14	1.0690309571492953e-6
3.142	1.0675529373143613e-6
3.144	1.0660749174917954e-6
3.146	1.0645968976815358e-6
3.148	1.0631188778835208e-6
3.15	1.0616408580976889e-6
3.152	1.0601452839763068e-6
3.154	1.0586497098669864e-6
3.156	1.0571541357696668e-6
3.158	1.0556585616842883e-6
3.16	1.054162987610791e-6
3.162	1.0526504976857077e-6
3.164	1.051138007772387e-6
3.166	1.0496255178707702e-6
3.168	1.048113027980799e-6
3.17	1.0466005381024155e-6
3.172	1.0450717945767898e-6
3.174	1.0435430510626366e-6
3.176	1.0420143075598984e-6
3.178	1.0404855640685184e-6
3.18	1.0389568205884393e-6
3.182	1.037412506918042e-6
3.184	1.0358681932024924e-6
3.186	1.0343238794968912e-6
3.188	1.0327795658027128e-6
3.19	1.0312352521198998e-6
3.192	1.029676070385952e-6
3.194	1.0281168886632575e-6
3.196	1.0265577069517588e-6
3.198	1.0249985252514015e-6
3.2	1.0234393435621293e-6
3.202	1.021866011941028e-6
3.204	1.0202926803315413e-6
3.206	1.0187193487336097e-6
3.208	1.0171460171471738e-6
3.21	1.0155726855721752e-6
3.212	1.0139859355995812e-6
3.214	1.0123991856383075e-6
3.216	1.0108124356882954e-6
3.218	1.0092256857494883e-6
3.22	1.0076389358218282e-6
3.222	1.0060395095479605e-6
3.224	1.004440083285126e-6
3.226	1.0028406570332693e-6
3.228	1.001241230792333e-6
3.23	9.996418045622621e-7
3.232	9.980304518398667e-7
3.234	9.964190991282269e-7
3.236	9.948077464272861e-7
3.238	9.931963937369913e-7
3.24	9.915850410572868e-7
3.242	9.899625167868593e-7
3.244	9.883399925269154e-7
3.246	9.867174682774014e-7
3.248	9.850949440382645e-7
3.25	9.83472419778621e-7
3.2520000000000002	9.818394810787207e-7
3.254	9.802065423896997e-7
3.2560000000000002	9.785736037115008e-7
3.258	9.769406650440704e-7
3.2600000000000002	9.753077263873525e-7
3.262	9.736651302552712e-7
3.2640000000000002	9.720225341337928e-7
3.266	9.703799380228654e-7
3.2680000000000002	9.687373419224332e-7
3.27	9.670947458324442e-7
3.2720000000000002	9.654432462273676e-7
3.274	9.637917466326283e-7
3.2760000000000002	9.621402470481723e-7
3.278	9.60488747473949e-7
3.2800000000000002	9.588372479099045e-7
3.282	9.571775933779711e-7
3.2840000000000003	9.555179388561138e-7
3.286	9.538582843442824e-7
3.2880000000000003	9.521986298424254e-7
3.29	9.505389753504927e-7
3.2920000000000003	9.488719066608873e-7
3.294	9.472048379811061e-7
3.2960000000000003	9.455377693110982e-7
3.298	9.438707006508154e-7
3.3000000000000003	9.422036320002072e-7
3.302	9.405298799235825e-7
3.3040000000000003	9.388561278565348e-7
3.306	9.371823757990166e-7
3.3080000000000003	9.355086239687115e-7
3.31	9.338348723215098e-7
3.3120000000000003	9.321551559588226e-7
3.314	9.30475439603134e-7
3.3160000000000003	9.287957232544087e-7
3.318	9.271160069126133e-7
3.3200000000000003	9.254362905777129e-7
3.322	9.237513143005397e-7
3.3240000000000003	9.220663380301937e-7
3.326	9.203813617666423e-7
3.3280000000000003	9.186963855098509e-7
3.33	9.170114092597872e-7
3.3320000000000003	9.153218622159115e-7
3.334	9.136323151786978e-7
3.3360000000000003	9.119427681481122e-7
3.338	9.102532211241235e-7
3.3400000000000003	9.085636741066981e-7
3.342	9.068702283457371e-7
3.3440000000000003	9.051767825912751e-7
3.346	9.034833368432818e-7
3.3480000000000003	9.017898911017237e-7
3.35	9.00096445366571e-7
3.352	8.983997545928612e-7
3.354	8.967030638254929e-7
3.356	8.950063730644362e-7
3.358	8.933096823096592e-7
3.36	8.916129915611324e-7
3.362	8.899136901271134e-7
3.364	8.882143886992834e-7
3.366	8.865150872776117e-7
3.368	8.848157858620685e-7
3.37	8.831164844526237e-7
3.372	8.814151866068001e-7
3.374	8.797138887670153e-7
3.376	8.780125909332409e-7
3.378	8.763112931054466e-7
3.38	8.746099952836042e-7
3.382	8.729072947666577e-7
3.384	8.712045942638775e-7
3.386	8.695018937665973e-7
3.388	8.677991932747903e-7
3.39	8.660964927884287e-7
3.392	8.643929624062325e-7
3.394	8.626894320294279e-7
3.396	8.609859016579893e-7
3.398	8.59282371291889e-7
3.4	8.575788409311017e-7
3.402	8.558750328770362e-7
3.404	8.541712248282312e-7
3.406	8.5246741678466e-7
3.408	8.507636087462975e-7
3.41	8.490598007131173e-7
3.412	8.473562469510333e-7
3.414	8.456526931940804e-7
3.416	8.439491394422344e-7
3.418	8.42245585695469e-7
3.42	8.405420319537604e-7
3.422	8.388392450103733e-7
3.424	8.37136458071993e-7
3.426	8.354336711385942e-7
3.428	8.337308842101535e-7
3.43	8.320280972866453e-7
3.432	8.303265714629068e-7
3.434	8.286250456440528e-7
3.436	8.269235198300599e-7
3.438	8.252219940209037e-7
3.44	8.23520468216561e-7
3.442	8.21820681278119e-7
3.444	8.201208943444436e-7
3.446	8.184211074155106e-7
3.448	8.167213204912974e-7
3.45	8.150215335717806e-7
3.452	8.133239490221679e-7
3.454	8.116263644772055e-7
3.456	8.099287799368711e-7
3.458	8.082311954011419e-7
3.46	8.065336108699958e-7
3.462	8.048386810295869e-7
3.464	8.031437512019075e-7
3.466	8.014488213783229e-7
3.468	7.99753891558814e-7
3.47	7.980589617433602e-7
3.472	7.963671315886066e-7
3.474	7.946753014378691e-7
3.476	7.929834712911294e-7
3.478	7.91291641148367e-7
3.48	7.895998110095639e-7
3.482	7.879115237903417e-7
3.484	7.862232365750404e-7
3.486	7.845349493636409e-7
3.488	7.828466621561246e-7
3.49	7.811583749524724e-7
3.492	7.794740797966457e-7
3.494	7.777897846446462e-7
3.496	7.761054894964558e-7
3.498	7.744211943520561e-7
3.5	7.727368992114289e-7
3.5020000000000002	7.710570623608907e-7
3.504	7.693772255140894e-7
3.5060000000000002	7.676973886710061e-7
3.508	7.660175518316238e-7
3.5100000000000002	7.643377149959241e-7
3.512	7.626628375095069e-7
3.5140000000000002	7.609879600267372e-7
3.516	7.593130825475981e-7
3.5180000000000002	7.576382050720717e-7
3.52	7.559633276001411e-7
3.5220000000000002	7.542939759750207e-7
3.524	7.526246243534622e-7
3.5260000000000002	7.509552727354473e-7
3.528	7.492859211209605e-7
3.5300000000000002	7.476165695099839e-7
3.532	7.459534363754729e-7
3.5340000000000003	7.442903032444386e-7
3.536	7.426271701168653e-7
3.5380000000000003	7.409640369927359e-7
3.54	7.393009038720345e-7
3.5420000000000003	7.376449577619219e-7
3.544	7.359890116552048e-7
3.5460000000000003	7.343330655518664e-7
3.548	7.326771194686297e-7
3.5500000000000003	7.310211733958008e-7
3.552	7.293742512846127e-7
3.5540000000000003	7.27727329176601e-7
3.556	7.260804070717517e-7
3.5580000000000003	7.244334849700489e-7
3.56	7.227865628714785e-7
3.5620000000000003	7.211529025968995e-7
3.564	7.19519242325592e-7
3.5660000000000003	7.178855820575394e-7
3.568	7.162519217927267e-7
3.5700000000000003	7.146182615311374e-7
3.572	7.129897267726868e-7
3.5740000000000003	7.113611920174286e-7
3.576	7.097326572653475e-7
3.5780000000000003	7.081041225164278e-7
3.58	7.064755877706547e-7
3.5820000000000003	7.048509385191795e-7
3.584	7.032262892708204e-7
3.5860000000000003	7.016016400255619e-7
3.588	6.999769907833895e-7
3.5900000000000003	6.983523415442875e-7
3.592	6.967317228242647e-7
3.5940000000000003	6.951111041072826e-7
3.596	6.934904853933276e-7
3.5980000000000003	6.91869866682384e-7
3.6	6.902492479744382e-7
3.6020000000000003	6.886328010257226e-7
3.604	6.870163540799759e-7
3.606	6.853999071371832e-7
3.608	6.837834601973303e-7
3.61	6.821670132604033e-7
3.612	6.805548772403125e-7
3.614	6.789427412231195e-7
3.616	6.773306052088099e-7
3.618	6.757184691973705e-7
3.62	6.741063331887865e-7
3.622	6.7249864682608e-7
3.624	6.708909604662018e-7
3.626	6.692832741091388e-7
3.628	6.676755877548769e-7
3.63	6.660679014034032e-7
3.632	6.644648045819966e-7
3.634	6.628617077633516e-7
3.636	6.612586109556636e-7
3.638	6.596555141609317e-7
3.64	6.580524173688118e-7
3.642	6.564540526322587e-7
3.644	6.548556878982929e-7
3.646	6.532573231669025e-7
3.648	6.516589584380747e-7
3.65	6.50060593711798e-7
3.652	6.484671075622769e-7
3.654	6.468736214152825e-7
3.656	6.452801352708021e-7
3.658	6.436866491288245e-7
3.66	6.420931629893372e-7
3.662	6.405047071196449e-7
3.664	6.38916251252419e-7
3.666	6.373277953876487e-7
3.668	6.357393395253216e-7
3.67	6.341508836654265e-7
3.672	6.325676158761458e-7
3.674	6.309843480892741e-7
3.676	6.294010803047996e-7
3.678	6.278178125227115e-7
3.68	6.262345447429977e-7
3.682	6.246566295504839e-7
3.684	6.23078714360322e-7
3.686	6.215007991725017e-7
3.688	6.199228839870108e-7
3.69	6.183449688038395e-7
3.692	6.167725775940782e-7
3.694	6.152001863866144e-7
3.696	6.136277951814366e-7
3.698	6.120554039785345e-7
3.7	6.104830127778967e-7
3.702	6.089163233200038e-7
3.704	6.073496338643539e-7
3.706	6.057829444109369e-7
3.708	6.042162549597419e-7
3.71	6.026495655107589e-7
3.712	6.010887605482691e-7
3.714	5.995279555879705e-7
3.716	5.97967150629852e-7
3.718	5.964063456739042e-7
3.72	5.948455407201162e-7
3.722	5.932908052134552e-7
3.724	5.917360697272689e-7
3.726	5.901813342430418e-7
3.728	5.886265987607639e-7
3.73	5.870718632804267e-7
3.732	5.85523379562421e-7
3.734	5.839748958463381e-7
3.736	5.824264121321685e-7
3.738	5.808779284199036e-7
3.74	5.793294447095341e-7
3.742	5.777873844128317e-7
3.744	5.762453241181027e-7
3.746	5.747032638253383e-7
3.748	5.731612035345285e-7
3.75	5.716191432456646e-7
3.7520000000000002	5.700836541305808e-7
3.754	5.685481650174245e-7
3.7560000000000002	5.670126759061856e-7
3.758	5.654771867968555e-7
3.7600000000000002	5.639416976894249e-7
3.762	5.624128816107961e-7
3.7640000000000002	5.608840655340485e-7
3.766	5.593552494591737e-7
3.7680000000000002	5.578264333861619e-7
3.77	5.562976173150054e-7
3.7720000000000002	5.547754927778801e-7
3.774	5.532533682425922e-7
3.7760000000000002	5.517312437091324e-7
3.778	5.502091191774923e-7
3.7800000000000002	5.486869946476632e-7
3.782	5.471714303193833e-7
3.7840000000000003	5.456558659928971e-7
3.786	5.441403016681964e-7
3.7880000000000003	5.426247373452722e-7
3.79	5.411091730241166e-7
3.7920000000000003	5.395997623903654e-7
3.794	5.380903517583662e-7
3.7960000000000003	5.365809411281099e-7
3.798	5.350715304995891e-7
3.8000000000000003	5.335621198727947e-7
3.802	5.32057923869728e-7
3.8040000000000003	5.305537278683716e-7
3.806	5.290495318871359e-7
3.8080000000000003	5.275453359179478e-7
3.81	5.260411399502773e-7
3.8120000000000003	5.245400884949154e-7
3.814	5.230390370410567e-7
3.8160000000000003	5.215379855886938e-7
3.818	5.200369341378199e-7
3.8200000000000003	5.185358826884279e-7
3.822	5.170330831948705e-7
3.8240000000000003	5.155302837027812e-7
3.826	5.140274842121533e-7
3.8280000000000003	5.125246847229797e-7
3.83	5.110218852352542e-7
3.8320000000000003	5.095027770020434e-7
3.834	5.079836687702671e-7
3.8360000000000003	5.06464560539918e-7
3.838	5.049454523109901e-7
3.8400000000000003	5.034263440834761e-7
3.842	5.017163594121941e-7
3.8440000000000003	5.000063747423129e-7
3.846	4.982963900738266e-7
3.8480000000000003	4.965864054067281e-7
3.85	4.948764207410117e-7
3.8520000000000003	4.935634602147479e-7
3.854	4.922504996898531e-7
3.8560000000000003	4.909375391663208e-7
3.858	4.896245786441447e-7
3.86	4.883116181233187e-7
3.862	4.870167462836816e-7
3.864	4.857218744453824e-7
3.866	4.84427002608414e-7
3.868	4.831321307727709e-7
3.87	4.818372589384464e-7
3.872	4.805654773558921e-7
3.874	4.792936957746444e-7
3.876	4.780219141946975e-7
3.878	4.767501326160449e-7
3.88	4.754783510386813e-7
3.882	4.7421799757636617e-7
3.884	4.7295764411532803e-7
3.886	4.7169729065556034e-7
3.888	4.70436937197058e-7
3.89	4.691765837398145e-7
3.892	4.6792514050171697e-7
3.894	4.6667369726486683e-7
3.896	4.654222540464332e-7
3.898	4.6417081084250956e-7
3.9	4.629193676396417e-7
3.902	4.6167830577124603e-7
3.904	4.604372439038966e-7
3.906	4.591961820375879e-7
3.908	4.579551201723161e-7
3.91	4.5671405830807554e-7
3.912	4.554850289375247e-7
3.914	4.54255999567996e-7
3.916	4.530269701994854e-7
3.918	4.5179794083198763e-7
3.92	4.505689114654988e-7
3.922	4.4935379132239733e-7
3.924	4.481386711803451e-7
3.926	4.469235510393366e-7
3.928	4.457084308993675e-7
3.93	4.444933107604326e-7
3.932	4.432942670746023e-7
3.934	4.420952233897965e-7
3.936	4.408961797060111e-7
3.938	4.396971360232409e-7
3.94	4.3849809234148147e-7
3.942	4.3731767929564097e-7
3.944	4.3613726625080214e-7
3.946	4.3495685320695973e-7
3.948	4.337764401641098e-7
3.95	4.32596027122247e-7
3.952	4.314373369729431e-7
3.954	4.3027864682461736e-7
3.956	4.291199566772658e-7
3.958	4.279612665308834e-7
3.96	4.268025763854663e-7
3.962	4.256694932595077e-7
3.964	4.2453641013450535e-7
3.966	4.2340332701045455e-7
3.968	4.2227024388735126e-7
3.97	4.211371607651907e-7
3.972	4.2003483028029965e-7
3.974	4.189324997963427e-7
3.976	4.178301693133159e-7
3.978	4.1672783883121465e-7
3.98	4.1562550835003513e-7
3.982	4.1456134324011894e-7
3.984	4.1349717813111596e-7
3.986	4.124330130230216e-7
3.988	4.113688479158322e-7
3.99	4.1030468280954306e-7
3.992	4.092911411429891e-7
3.994	4.082775994773272e-7
3.996	4.072640578125538e-7
3.998	4.0625051615490564e-7
4.	4.052369745043864e-7
4.002	4.0430782803021955e-7
4.004	4.033786815568527e-7
4.006	4.0244953508428186e-7
4.008	4.015203886125042e-7
4.01	4.005912421415158e-7
4.012	3.99767539967604e-7
4.014	3.9894383779447407e-7
4.016	3.9812013562212297e-7
4.018	3.972964334505469e-7
4.02	3.9647273127974233e-7
4.021999999999999	3.956416846206053e-7
4.024	3.948106379622324e-7
4.026	3.93979591304621e-7
4.028	3.9314854464776724e-7
4.029999999999999	3.923174979916678e-7
4.032	3.9147905731442395e-7
4.034	3.90640616637928e-7
4.036	3.898021759621762e-7
4.037999999999999	3.889637352871651e-7
4.04	3.88125294612891e-7
4.042	3.8727941635190096e-7
4.044	3.864335380916417e-7
4.045999999999999	3.855876598321099e-7
4.048	3.847417815733019e-7
4.05	3.8389590331521543e-7
4.052	3.830425511071858e-7
4.053999999999999	3.8218919889987077e-7
4.056	3.8133584669326663e-7
4.058	3.80482494487371e-7
4.06	3.796291422821803e-7
4.061999999999999	3.7876828837381965e-7
4.064	3.7790743446615737e-7
4.066	3.7704658055919097e-7
4.068	3.761857266529168e-7
4.069999999999999	3.7532487274733203e-7
4.072	3.7445649959983833e-7
4.074	3.7358812645302803e-7
4.076	3.7271975330689785e-7
4.077999999999999	3.7185138016144465e-7
4.08	3.709830070166651e-7
4.082	3.701071091353095e-7
4.084	3.6923121125462184e-7
4.085999999999999	3.683553133745993e-7
4.088	3.674794154952383e-7
4.09	3.6660351761653666e-7
4.092	3.6572010363835825e-7
4.093999999999999	3.6483668966083296e-7
4.096	3.639532756839575e-7
4.098	3.6306986170772986e-7
4.1	3.621864477321467e-7
4.101999999999999	3.612955428077306e-7
4.104	3.6040463788398223e-7
4.106	3.595137329608994e-7
4.108	3.586228280431423e-7
4.109999999999999	3.5773192312959355e-7
4.112	3.568335716669041e-7
4.114	3.5593522020482053e-7
4.116	3.5503686874333955e-7
4.117999999999999	3.5413851728245853e-7
4.119999999999999	3.532401658221747e-7
4.122	3.523344345770735e-7
4.124	3.5142870333256454e-7
4.1259999999999994	3.505229720886447e-7
4.127999999999999	3.496172408453115e-7
4.13	3.487115096025617e-7
4.132	3.477984912920179e-7
4.1339999999999995	3.468854729820527e-7
4.135999999999999	3.4597245467266357e-7
4.138	3.450594363638474e-7
4.14	3.441464180556025e-7
4.1419999999999995	3.432262354734607e-7
4.143999999999999	3.423060528918847e-7
4.146	3.413858703108714e-7
4.148	3.404656877304191e-7
4.1499999999999995	3.3954550515052495e-7
4.151999999999999	3.386183159241653e-7
4.154	3.376911266983583e-7
4.156	3.367639374731023e-7
4.1579999999999995	3.358367482483946e-7
4.159999999999999	3.3490955902423257e-7
4.162	3.3397556111757884e-7
4.164	3.330415632114664e-7
4.1659999999999995	3.321075653058924e-7
4.167999999999999	3.3117356740085436e-7
4.17	3.3023956949634944e-7
4.172	3.2929900759887375e-7
4.1739999999999995	3.283584457019268e-7
4.175999999999999	3.2741788380550636e-7
4.178	3.264773219096096e-7
4.18	3.25536760014235e-7
4.1819999999999995	3.245899329887146e-7
4.183999999999999	3.236431059637113e-7
4.186	3.2269627893922237e-7
4.188	3.217494519152463e-7
4.1899999999999995	3.2080262489178043e-7
4.191999999999999	3.198498944966305e-7
4.194	3.1889716410198574e-7
4.196	3.1794443370784483e-7
4.1979999999999995	3.16991703314205e-7
4.199999999999999	3.160389729210642e-7
4.202	3.1508077407973665e-7
4.204	3.1412257523890393e-7
4.2059999999999995	3.1316437639856365e-7
4.207999999999999	3.122061775587134e-7
4.21	3.1124797871935063e-7
4.212	3.1028483168497304e-7
4.2139999999999995	3.09321684651079e-7
4.215999999999999	3.0835853761766646e-7
4.218	3.073953905847328e-7
4.22	3.064322435530281e-7
4.2219999999999995	3.054647684251024e-7
4.223999999999999	3.0449729329761517e-7
4.226	3.0352981817056395e-7
4.228	3.025623430439477e-7
4.2299999999999995	3.015948679177641e-7
4.231999999999999	3.0062380207253014e-7
4.234	2.996527362277247e-7
4.236	2.9868167038334657e-7
4.2379999999999995	2.977106045393935e-7
4.239999999999999	2.967395386958638e-7
4.242	2.957657579828674e-7
4.244	2.94791977270291e-7
4.2459999999999996	2.9381819655813234e-7
4.247999999999999	2.928444158463895e-7
4.25	2.918706351350602e-7
4.252	2.908951798544156e-7
4.254	2.899197245741815e-7
4.255999999999999	2.8894426929435593e-7
4.258	2.879688140149368e-7
4.26	2.869933587359231e-7
4.262	2.860174659234611e-7
4.263999999999999	2.850415731114005e-7
4.266	2.840656802997393e-7
4.268	2.8308978748847654e-7
4.27	2.8211389467761007e-7
4.271999999999999	2.8113903882196775e-7
4.274	2.801641829667178e-7
4.276	2.7918932711185943e-7
4.278	2.782144712573904e-7
4.279999999999999	2.7723961540330907e-7
4.282	2.762675607125436e-7
4.284	2.7529550602217965e-7
4.286	2.7432345133221507e-7
4.287999999999999	2.73351396642648e-7
4.29	2.7237934195347624e-7
4.292	2.714122108980806e-7
4.294	2.704450798430772e-7
4.295999999999999	2.694779487884643e-7
4.298	2.685108177342398e-7
4.3	2.675436866804026e-7
4.302	2.665840522125845e-7
4.303999999999999	2.6562441774515e-7
4.306	2.64664783278097e-7
4.308	2.6370514881142453e-7
4.31	2.627455143451306e-7
4.311999999999999	2.6179652802011675e-7
4.314	2.608475416954776e-7
4.316	2.598985553712124e-7
4.318	2.589495690473189e-7
4.319999999999999	2.580005827237957e-7
4.322	2.570661599748693e-7
4.324	2.561317372263101e-7
4.326	2.551973144781163e-7
4.327999999999999	2.5426289173028603e-7
4.33	2.533284689828174e-7
4.332	2.524135712872386e-7
4.334	2.5149867359201864e-7
4.335999999999999	2.505837758977387e-7
4.338	2.4966887820771894e-7
4.34	2.4875398051802813e-7
4.342	2.478650758578877e-7
4.343999999999999	2.46976171198073e-7
4.346	2.4608726653858197e-7
4.348	2.4519836187941426e-7
4.35	2.4430945722056795e-7
4.351999999999999	2.4345534776133576e-7
4.354	2.426012383024218e-7
4.356	2.4174712884382546e-7
4.358	2.408930193855449e-7
4.359999999999999	2.4003890992757883e-7
4.362	2.39232453909215e-7
4.364	2.3842599789116324e-7
4.366	2.376195418734218e-7
4.367999999999999	2.368130858559893e-7
4.37	2.360066298388641e-7
4.372	2.3526936247326852e-7
4.374	2.345320951079779e-7
4.3759999999999994	2.337948277429909e-7
4.377999999999999	2.3305756037830618e-7
4.38	2.3232029301392213e-7
4.382	2.317085637470786e-7
4.3839999999999995	2.3109683448053333e-7
4.385999999999999	2.3048510521428515e-7
4.388	2.298733759483325e-7
4.39	2.2926164668267456e-7
4.3919999999999995	2.288160055555055e-7
4.393999999999999	2.283703644286284e-7
4.396	2.2792472330204173e-7
4.398	2.2747908217574467e-7
4.3999999999999995	2.2703344104973571e-7
4.401999999999999	2.2658119797661592e-7
4.404	2.261289549037815e-7
4.406	2.2567671183123176e-7
4.4079999999999995	2.2522446875896511e-7
4.409999999999999	2.2477222568698045e-7
4.412	2.2431279661211583e-7
4.414	2.238533675375309e-7
4.4159999999999995	2.2339393846322422e-7
4.417999999999999	2.2293450938919462e-7
4.42	2.2247508031544072e-7
4.422	2.2200782988057776e-7
4.4239999999999995	2.2154057944598828e-7
4.425999999999999	2.2107332901167112e-7
4.428	2.2060607857762488e-7
4.43	2.2013882814384882e-7
4.4319999999999995	2.1966306248215965e-7
4.433999999999999	2.1918729682073806e-7
4.436	2.1871153115958275e-7
4.438	2.18235765498693e-7
4.4399999999999995	2.1775999983806746e-7
4.441999999999999	2.172749575210771e-7
4.444	2.1678991520434845e-7
4.446	2.1630487288788078e-7
4.4479999999999995	2.1581983057167276e-7
4.449999999999999	2.1533478825572328e-7
4.452	2.1483962866713814e-7
4.454	2.1434446907880954e-7
4.4559999999999995	2.1384930949323007e-7
4.457999999999999	2.133541499099943e-7
4.46	2.1285899032698593e-7
4.462	2.1235277834777662e-7
4.4639999999999995	2.1184656636880237e-7
4.465999999999999	2.1134035439006224e-7
4.468	2.1083414241155492e-7
4.47	2.103279304332799e-7
4.4719999999999995	2.0980961563182946e-7
4.473999999999999	2.0929130083060905e-7
4.476	2.087729860296175e-7
4.478	2.082546712288542e-7
4.4799999999999995	2.0773635642831796e-7
4.481999999999999	2.0720474381189268e-7
4.484	2.0667313119569223e-7
4.486	2.0614151857971617e-7
4.4879999999999995	2.0560990596396328e-7
4.489999999999999	2.0507829334843257e-7
4.492	2.0453200043116965e-7
4.494	2.0398570751412722e-7
4.4959999999999996	2.0343941459730412e-7
4.497999999999999	2.0289312168069942e-7
4.5	2.0234682876431194e-7
4.502	2.017842193238667e-7
4.504	2.0122160988363704e-7
4.505999999999999	2.00659000443622e-7
4.508	2.0009639100382042e-7
4.51	1.9953378156423188e-7
4.512	1.9895285693410907e-7
4.513999999999999	1.983719323041972e-7
4.516	1.9779100767449514e-7
4.518	1.972100830450025e-7
4.52	1.9662915841571808e-7
4.521999999999999	1.960273648429417e-7
4.524	1.9542557127037149e-7
4.526	1.9482377769800712e-7
4.528	1.9422198412584747e-7
4.529999999999999	1.936201905538916e-7
4.532	1.929940420789174e-7
4.534	1.9236789360414556e-7
4.536	1.917417451295749e-7
4.537999999999999	1.9111559665520454e-7
4.54	1.9048944818103343e-7
4.542	1.8983368045678103e-7
4.544	1.891779127327264e-7
4.545999999999999	1.885221450088687e-7
4.548	1.8786637728520675e-7
4.55	1.8721060956174034e-7
4.552	1.8651584933981226e-7
4.553999999999999	1.8582108911807773e-7
4.556	1.8512632889653563e-7
4.558	1.8443156867518575e-7
4.56	1.8373680845402694e-7
4.561999999999999	1.829803069321632e-7
4.564	1.8222380541048856e-7
4.566	1.814673038890029e-7
4.568	1.8071080236770508e-7
4.569999999999999	1.7995430084659437e-7
4.572	1.7889920459356497e-7
4.574	1.7784410834072137e-7
4.576	1.767890120880624e-7
4.577999999999999	1.7573391583611312e-7
4.58	1.7467881958547728e-7
4.582	1.7410324822147723e-7
4.584	1.7352767685764959e-7
4.585999999999999	1.7295210549399352e-7
4.588	1.723765341305082e-7
4.59	1.7180096276719325e-7
4.592	1.7119452880134246e-7
4.593999999999999	1.7058809483566038e-7
4.596	1.6998166087014612e-7
4.598	1.6937522690479945e-7
4.6	1.687687929396194e-7
4.601999999999999	1.6812903414643217e-7
4.604	1.674892753534099e-7
4.606	1.668495165605524e-7
4.608	1.662097577678588e-7
4.609999999999999	1.6556999897532825e-7
4.612	1.6489412480004228e-7
4.614	1.642182506249183e-7
4.616	1.6354237644995548e-7
4.617999999999999	1.62866502275153e-7
4.62	1.6219062810050996e-7
4.622	1.61475452543703e-7
4.624	1.607602769870544e-7
4.6259999999999994	1.6004510143056347e-7
4.628	1.593299258742293e-7
4.63	1.5861475031805189e-7
4.632	1.57856605641948e-7
4.6339999999999995	1.5709846096599925e-7
4.635999999999999	1.5634031629020491e-7
4.638	1.5558217161456397e-7
4.64	1.5482402693907658e-7
4.6419999999999995	1.5401865096211738e-7
4.643999999999999	1.532132749853159e-7
4.646	1.5240789900867105e-7
4.648	1.51602523032183e-7
4.6499999999999995	1.5079714705585057e-7
4.651999999999999	1.4993953332422905e-7
4.654	1.4908191959276145e-7
4.656	1.4822430586144792e-7
4.6579999999999995	1.4736669213028748e-7
4.659999999999999	1.4650907839927936e-7
4.662	1.4559327293672355e-7
4.664	1.4467746747431923e-7
4.6659999999999995	1.4376166201206535e-7
4.667999999999999	1.4284585654996125e-7
4.67	1.4193005108800588e-7
4.672	1.4094887020345091e-7
4.6739999999999995	1.3996768931904384e-7
4.675999999999999	1.38986508434784e-7
4.678	1.380053275506704e-7
4.68	1.370241466667032e-7
4.6819999999999995	1.359687744137443e-7
4.683999999999999	1.3491340216093013e-7
4.686	1.3385802990825962e-7
4.688	1.3280265765573312e-7
4.6899999999999995	1.3174728540334957e-7
4.691999999999999	1.3060668076367556e-7
4.694	1.294660761241427e-7
4.696	1.2832547148475147e-7
4.6979999999999995	1.2718486684550074e-7
4.699999999999999	1.2604426220638989e-7
4.702	1.2480425206885472e-7
4.704	1.2356424193205458e-7
4.7059999999999995	1.2232423179625197e-7
4.707999999999999	1.2108422166057885e-7
4.71	1.1984421152503408e-7
4.712	1.1848603667536725e-7
4.7139999999999995	1.1712786182582829e-7
4.715999999999999	1.1576968697641659e-7
4.718	1.1441151212713106e-7
4.72	1.1305333727797237e-7
4.7219999999999995	1.1155118148952623e-7
4.723999999999999	1.1004902570120526e-7
4.726	1.0854686991300826e-7
4.728	1.0704471412493605e-7
4.7299999999999995	1.0554255833698746e-7
4.731999999999999	1.0385902091860399e-7
4.734	1.0217548350034225e-7
4.736	1.0049194608220332e-7
4.7379999999999995	9.880840866418591e-8
4.739999999999999	9.712487124628953e-8
4.742	9.52017851745107e-8
4.744	9.327869910285262e-8
4.7459999999999996	9.135561303131404e-8
4.747999999999999	8.94325269598945e-8
4.75	8.750944088859258e-8
4.752	8.524633206603214e-8
4.754	8.298322324358923e-8
4.755999999999999	8.072011442126334e-8
4.758	7.845700559905297e-8
4.76	7.619389677695967e-8
4.762	7.338425626824868e-8
4.763999999999999	7.057461575965277e-8
4.766	6.77649752511702e-8
4.768	6.495533474280302e-8
4.77	6.214569423454948e-8
4.771999999999999	5.817754482821047e-8
4.774	5.42093954219819e-8
4.776	5.024124601586731e-8
4.778	4.6273096609864474e-8
4.779999999999999	4.2304947203972946e-8
4.782	3.503299657178242e-8
4.784	2.776104593970404e-8
4.786	2.0489095307735563e-8
4.787999999999999	1.3217144675876528e-8
4.79	5.9451940441232576e-9
4.792	5.934869205606202e-9
4.794	5.924544367197231e-9
4.795999999999999	5.9142195288958976e-9
4.798	5.903894690701745e-9
4.8	5.8935698526143414e-9
4.802	5.882803496264716e-9
4.803999999999999	5.872037140020948e-9
4.806	5.86127078388259e-9
4.808	5.850504427849215e-9
4.81	5.83973807192038e-9
4.811999999999999	5.8285100308764914e-9
4.814	5.817281989936272e-9
4.816	5.806053949099302e-9
4.818	5.794825908365146e-9
4.819999999999999	5.7835978677333775e-9
4.822	5.771886681893523e-9
4.824	5.760175496158829e-9
4.826	5.748464310528846e-9
4.827999999999999	5.7367531250031315e-9
4.83	5.72504193958124e-9
4.832	5.7128247313233015e-9
4.834	5.700607525208906e-9
4.835999999999999	5.688390319792698e-9
4.838	5.676173114463969e-9
4.84	5.6639559092223685e-9
4.842	5.651208241621337e-9
4.843999999999999	5.638460574106711e-9
4.846	5.625712906678129e-9
4.848	5.612965239335248e-9
4.85	5.600217572077709e-9
4.851999999999999	5.586913277135629e-9
4.854	5.573608982278181e-9
4.856	5.560304687505032e-9
4.858	5.547000392815827e-9
4.859999999999999	5.53369609821022e-9
4.862	5.519807095178657e-9
4.864	5.505918092230013e-9
4.866	5.492029089363939e-9
4.867999999999999	5.478140086580097e-9
4.87	5.464251083878143e-9
4.872	5.449747156533202e-9
4.874	5.435243229269483e-9
4.8759999999999994	5.420739302086653e-9
4.878	5.406235374984373e-9
4.88	5.391731447962324e-9
4.882	5.3765799875843756e-9
4.8839999999999995	5.361428527285994e-9
4.885999999999999	5.346277067066857e-9
4.888	5.331125606926631e-9
4.89	5.315974146865006e-9
4.8919999999999995	5.300139850029324e-9
4.893999999999999	5.284305553271594e-9
4.896	5.268471256591489e-9
4.898	5.2526369599887055e-9
4.8999999999999995	5.2368026634629195e-9
4.901999999999999	5.220247174133579e-9
4.904	5.2036916848806e-9
4.906	5.187136195703686e-9
4.9079999999999995	5.1705807066025176e-9
4.909999999999999	5.154025217576784e-9
4.912	5.136706699957592e-9
4.914	5.119388182413228e-9
4.9159999999999995	5.102069664943379e-9
4.917999999999999	5.084751147547743e-9
4.92	5.067432630226006e-9
4.922	5.0493052547239656e-9
4.9239999999999995	5.031177879295233e-9
4.925999999999999	5.013050503939507e-9
4.928	4.994923128656484e-9
4.93	4.976795753445882e-9
4.9319999999999995	4.957809072507218e-9
4.933999999999999	4.93882239164038e-9
4.936	4.919835710845065e-9
4.938	4.9008490301210005e-9
4.9399999999999995	4.881862349467886e-9
4.941999999999999	4.861960532304236e-9
4.944	4.842058715210952e-9
4.946	4.822156898187764e-9
4.9479999999999995	4.802255081234381e-9
4.949999999999999	4.782353264350517e-9
4.952	4.761474148703944e-9
4.954	4.740595033126335e-9
4.9559999999999995	4.7197159176174025e-9
4.957999999999999	4.698836802176867e-9
4.96	4.677957686804442e-9
4.962	4.6560315903920166e-9
4.9639999999999995	4.634105494047158e-9
4.965999999999999	4.612179397769595e-9
4.968	4.590253301559042e-9
4.97	4.568327205415249e-9
4.9719999999999995	4.545275417180318e-9
4.973999999999999	4.5222236290115965e-9
4.976	4.499171840908806e-9
4.978	4.4761200528717e-9
4.9799999999999995	4.453068264900003e-9
4.981999999999999	4.428801102864045e-9
4.984	4.404533940892955e-9
4.986	4.380266778986492e-9
4.9879999999999995	4.355999617144388e-9
4.989999999999999	4.331732455366379e-9
4.992	4.306146727442236e-9
4.994	4.280560999581682e-9
4.9959999999999996	4.254975271784451e-9
4.997999999999999	4.229389544050287e-9
5.	4.2038038163789225e-9
5.002	4.176775628095381e-9
5.004	4.149751270044384e-9
5.005999999999999	4.122726911993387e-9
5.008	4.095702553942379e-9
5.01	4.068678195891381e-9
5.012	4.040073639673343e-9
5.013999999999999	4.011469083455304e-9
5.016	3.9828645272372525e-9
5.018	3.954259971019214e-9
5.02	3.9256554148011745e-9
5.021999999999999	3.89530127736128e-9
5.024	3.86494713992137e-9
5.026	3.834593002481473e-9
5.028	3.804238865041578e-9
5.029999999999999	3.77388472760168e-9
5.032	3.741574737742196e-9
5.034	3.709264747882727e-9
5.036	3.676954758023257e-9
5.037999999999999	3.6446447681637867e-9
5.04	3.612334778304302e-9
5.042	3.5778124818948288e-9
5.044	3.5432901854853544e-9
5.045999999999999	3.5087678890758812e-9
5.048	3.474245592666392e-9
5.05	3.4397232962569184e-9
5.052	3.402661823466751e-9
5.053999999999999	3.365600350676583e-9
5.056	3.328538877886399e-9
5.058	3.2914774050962315e-9
5.06	3.254415932306064e-9
5.061999999999999	3.2143858305201245e-9
5.064	3.174355728734165e-9
5.066	3.1343256269482243e-9
5.068	3.094295525162283e-9
5.069999999999999	3.0542654233763423e-9
5.072	3.010680667694495e-9
5.074	2.967095912012665e-9
5.076	2.923511156330835e-9
5.077999999999999	2.879926400649005e-9
5.08	2.836341644967156e-9
5.082	2.7883625249005576e-9
5.084	2.7403834048339594e-9
5.085999999999999	2.692404284767361e-9
5.088	2.6444251647007414e-9
5.09	2.596446044634143e-9
5.092	2.542787648295753e-9
5.093999999999999	2.489129251957363e-9
5.096	2.4354708556189493e-9
5.098	2.381812459280559e-9
5.1	2.3281540629421693e-9
5.101999999999999	2.266656470068996e-9
5.104	2.205158877195792e-9
5.106	2.143661284322615e-9
5.108	2.0821636914494383e-9
5.109999999999999	2.0206660985762615e-9
5.112	1.9471181204594902e-9
5.114	1.873570142342746e-9
5.116	1.8000221642260013e-9
5.117999999999999	1.7264741861092571e-9
5.12	1.65292620799248e-9