0.02	4.056579515542409e-12
0.022	3.6877968166336855e-12
0.024	3.3804788231032012e-12
0.026000000000000002	3.1204410234735934e-12
0.028	2.897551768540824e-12
0.03	2.7043812524923624e-12
0.032	2.5353571570096947e-12
0.034	2.3862183168679253e-12
0.036000000000000004	2.2536505032914673e-12
0.038000000000000006	2.1350372261683908e-12
0.04	2.0282852971740252e-12
0.041999999999999996	1.9317002328391055e-12
0.044	1.8438956390604574e-12
0.046	1.7637262346970145e-12
0.048	1.690237619419959e-12
0.05	1.6226280973706683e-12
0.052000000000000005	1.5602193108000178e-12
0.054000000000000006	1.5024333996009106e-12
0.05600000000000001	1.4487750552492375e-12
0.057999999999999996	1.398817287737163e-12
0.06	1.3521900391294914e-12
0.062	1.3085710009542731e-12
0.064	1.2676781533371197e-12
0.066	1.2292636606595811e-12
0.068	1.1931088444564121e-12
0.07	1.1590200181033758e-12
0.07200000000000001	1.126825015724819e-12
0.074	1.0963702839818686e-12
0.076	1.0675184330525243e-12
0.078	1.040146164384464e-12
0.08	1.0141425092852363e-12
0.082	9.894073252799449e-13
0.084	9.658500072751886e-13
0.08600000000000001	9.433883785606876e-13
0.08800000000000001	9.219477330380753e-13
0.09000000000000001	9.014600051525888e-13
0.09200000000000001	8.81863048094605e-13
0.094	8.631000041456942e-13
0.096	8.451187537314682e-13
0.098	8.278714319373576e-13
0.1	8.11314003042528e-13
0.10200000000000001	7.954058851086488e-13
0.10400000000000001	7.801096178853462e-13
0.10600000000000001	7.653905683112818e-13
0.108	7.512166687373505e-13
0.11	7.375581837073415e-13
0.112	7.243875017264007e-13
0.114	7.116789489486027e-13
0.116	6.994086221382294e-13
0.11800000000000001	6.875542386180404e-13
0.12000000000000001	6.760950012227118e-13
0.12200000000000001	6.650114765355565e-13
0.12400000000000001	6.542854849087858e-13
0.126	6.439000009580245e-13
0.128	6.33839063385481e-13
0.13	6.240876931271226e-13
0.132	6.146318189410227e-13
0.134	6.054582096594372e-13
0.136	5.965544124186384e-13
0.138	5.879086962600744e-13
0.13999999999999999	5.795100005657015e-13
0.142	5.713478878386509e-13
0.144	5.634125003964414e-13
0.146	5.556945206963144e-13
0.148	5.481851348510171e-13
0.15	5.408759990512234e-13
0.152	5.337592086390642e-13
0.154	5.268272695914579e-13
0.156	5.200730721968072e-13
0.158	5.134898667314365e-13
0.16	5.070712409600414e-13
0.162	5.008110993032243e-13
0.164	4.947036435279665e-13
0.16599999999999998	4.887433548356414e-13
0.16799999999999998	4.829249772294881e-13
0.16999999999999998	4.772435020547327e-13
0.172	4.716941536182329e-13
0.174	4.662723757998822e-13
0.176	4.609738195764064e-13
0.178	4.557943313899006e-13
0.18	4.507299422737669e-13
0.182	4.4577685774466124e-13
0.184	4.409314482742909e-13
0.186	4.361902404561935e-13
0.188	4.315499086841234e-13
0.19	4.2700726738163345e-13
0.192	4.2255926369617854e-13
0.194	4.182029706785863e-13
0.19599999999999998	4.1393558083872097e-13
0.19799999999999998	4.0975440012449004e-13
0.19999999999999998	4.056568422418296e-13
0.20199999999999999	4.0164042332416316e-13
0.204	3.977027569154256e-13
0.206	3.9384154923745666e-13
0.208	3.900545947265345e-13
0.21	3.863397718558622e-13
0.212	3.1778241900948154e-13
0.214	2.9501109139964257e-13
0.216	2.793293762549262e-13
0.218	2.671743157711515e-13
0.22	2.5719351760956017e-13
0.222	2.487064488106711e-13
0.224	2.413161892335565e-13
0.226	2.3476870618528456e-13
0.228	2.288906103222559e-13
0.22999999999999998	2.2355780916646653e-13
0.23199999999999998	2.1867819278528496e-13
0.23399999999999999	2.141813813450151e-13
0.236	2.1001231499629225e-13
0.238	2.0612706642297342e-13
0.24	2.024900048964261e-13
0.242	1.990718165535606e-13
0.244	1.9584808645721472e-13
0.246	1.927982599409917e-13
0.248	1.8990486720238916e-13
0.25	1.8715293428389007e-13
0.252	1.8452952894774934e-13
0.254	1.820234057884302e-13
0.256	1.7962472544522837e-13
0.258	1.773248301445132e-13
0.26	1.7511606238925896e-13
0.262	1.7299161713585604e-13
0.264	1.709454204097591e-13
0.266	1.6897202871437845e-13
0.268	1.6706654523163904e-13
0.27	1.6522454940189465e-13
0.272	1.6344203752283867e-13
0.274	1.6171537228584842e-13
0.276	1.60041239744767e-13
0.278	1.5841661232193484e-13
0.28	1.568387170292972e-13
0.28200000000000003	1.5525876003932822e-13
0.28400000000000003	1.536842056008641e-13
0.28600000000000003	1.5212750565120386e-13
0.28800000000000003	1.5059227241363775e-13
0.29000000000000004	1.4908005838041534e-13
0.29200000000000004	1.4759154044926442e-13
0.29400000000000004	1.4612693423216766e-13
0.29600000000000004	1.4468626347777653e-13
0.29800000000000004	1.43269323380708e-13
0.30000000000000004	1.4187569937873613e-13
0.30200000000000005	1.4050516722212025e-13
0.30400000000000005	1.3915731595555562e-13
0.30600000000000005	1.3783170078357867e-13
0.30800000000000005	1.365278434796547e-13
0.31	1.3524530274328032e-13
0.312	1.3398367069787597e-13
0.314	1.327425696212512e-13
0.316	1.315213795867661e-13
0.318	1.303197845546681e-13
0.32	1.2913735891523314e-13
0.322	1.2797363819369226e-13
0.324	1.2682818489349908e-13
0.326	1.2570064990644832e-13
0.328	1.2459064139325393e-13
0.33	1.2349766472738551e-13
0.332	1.2242143458984925e-13
0.334	1.2136149905976174e-13
0.336	1.2031754832410586e-13
0.338	1.192892287461655e-13
0.34	1.1827620364600967e-13
0.342	1.1727803607673419e-13
0.34400000000000003	1.1629442359498461e-13
0.34600000000000003	1.153251342809098e-13
0.34800000000000003	1.143697218469355e-13
0.35000000000000003	1.1342792584927458e-13
0.35200000000000004	1.1249960675646625e-13
0.35400000000000004	1.1158381568975564e-13
0.35600000000000004	1.1068082598713574e-13
0.35800000000000004	1.0979084611773116e-13
0.36000000000000004	1.0891249592928313e-13
0.36200000000000004	1.0804601459645985e-13
0.36400000000000005	1.0719111514220904e-13
0.36600000000000005	1.0634752158416966e-13
0.36800000000000005	1.0551496826746855e-13
0.37000000000000005	1.0469319948952508e-13
0.372	1.0388196880239346e-13
0.374	1.0308054883002868e-13
0.376	1.0228969512490166e-13
0.378	1.0150869188401837e-13
0.38	1.007368504160807e-13
0.382	9.9974919949602e-14
0.384	9.922175541544336e-14
0.386	9.84771780491492e-14
0.388	9.774147197949397e-14
0.39	9.701445679082296e-14
0.392	9.629550978128433e-14
0.394	9.558447487421252e-14
0.396	9.488120091039138e-14
0.398	9.418597674038675e-14
0.4	9.349778595973198e-14
0.402	9.281693049590455e-14
0.404	9.214327698969924e-14
0.406	9.147627732283244e-14
0.40800000000000003	9.081623276178568e-14
0.41000000000000003	9.016261047601083e-14
0.41200000000000003	8.951530371573577e-14
0.41400000000000003	8.887380576123828e-14
0.41600000000000004	8.823882590485167e-14
0.41800000000000004	8.760946399022437e-14
0.42000000000000004	8.698563625315142e-14
0.42200000000000004	8.636726029034542e-14
0.42400000000000004	8.57542571966665e-14
0.42600000000000005	8.514655018633018e-14
0.42800000000000005	8.454368747627064e-14
0.43000000000000005	8.394560725449212e-14
0.43200000000000005	8.335261932450245e-14
0.43400000000000005	8.276392197967745e-14
0.43600000000000005	8.217946900149707e-14
0.438	8.159957516016631e-14
0.44	8.102347458474284e-14
0.442	8.045148814733912e-14
0.444	7.988357495322768e-14
0.446	7.931900358763602e-14
0.448	7.875809798583623e-14
0.45	7.820083047557847e-14
0.452	7.764683834204925e-14
0.454	7.709577286822787e-14
0.456	7.654795769221804e-14
0.458	7.600305185682823e-14
0.46	7.546137356513675e-14
0.462	7.492226976304322e-14
0.464	7.438574627694467e-14
0.466	7.385212247389709e-14
0.468	7.332077505161243e-14
0.47000000000000003	7.279202699273919e-14
0.47200000000000003	7.226588500724747e-14
0.47400000000000003	7.17417545104335e-14
0.47600000000000003	7.121995870795198e-14
0.47800000000000004	7.07002192080471e-14
0.48000000000000004	7.018256139292781e-14
0.48200000000000004	6.966672212859856e-14
0.48400000000000004	6.915302076527157e-14
0.48600000000000004	6.864091752988485e-14
0.48800000000000004	6.813073429222974e-14
0.49000000000000005	6.76222279111357e-14
0.49200000000000005	6.711516689072836e-14
0.49400000000000005	6.66096014782677e-14
0.49600000000000005	6.610584838310996e-14
0.49800000000000005	6.560315508009722e-14
0.5	6.510184878495544e-14
0.502	6.460198590485012e-14
0.504	6.41033666710501e-14
0.506	6.360554992327492e-14
0.508	6.310911453581465e-14
0.51	6.261362899923726e-14
0.512	6.211917138543226e-14
0.514	6.162557771088339e-14
0.516	6.113269452506862e-14
0.518	6.064084789535595e-14
0.52	6.014942334934369e-14
0.522	5.96589852580107e-14
0.524	5.916916808042279e-14
0.526	5.867962767004459e-14
0.528	5.819092248917792e-14
0.53	5.770249927949778e-14
0.532	5.721469479187862e-14
0.534	5.67271973132832e-14
0.536	5.624013341841207e-14
0.538	5.575300073708767e-14
0.54	5.526635883908056e-14
0.542	5.4779942838355666e-14
0.544	5.42934887481872e-14
0.546	5.380734744252988e-14
0.548	5.332128901769902e-14
0.55	5.283527263593641e-14
0.552	5.2349284129205825e-14
0.554	5.186312403492692e-14
0.556	5.137696379128143e-14
0.558	5.089063331286526e-14
0.56	5.040397132809513e-14
0.562	4.9917170615403495e-14
0.5640000000000001	4.943009781796045e-14
0.5660000000000001	4.89427860390074e-14
0.5680000000000001	4.845497123552615e-14
0.5700000000000001	4.796670697974814e-14
0.5720000000000001	4.7478084617719773e-14
0.5740000000000001	4.698855145915424e-14
0.5760000000000001	4.6498816093894146e-14
0.5780000000000001	4.600943649956741e-14
0.5800000000000001	4.5519223820664116e-14
0.5820000000000001	4.502686540153369e-14
0.5840000000000001	4.4535727543636246e-14
0.5860000000000001	4.4043130209082925e-14
0.5880000000000001	4.354942084697445e-14
0.5900000000000001	4.305628582495633e-14
0.5920000000000001	4.256133228280071e-14
0.5940000000000001	4.206631823186047e-14
0.5960000000000001	4.157015280016912e-14
0.598	4.10745846346673e-14
0.6	4.057740113270478e-14
0.602	4.00790333440669e-14
0.604	3.958106474891013e-14
0.606	3.908159880818934e-14
0.608	3.858215764434574e-14
0.61	3.808202663425619e-14
0.612	3.7581641125482366e-14
0.614	3.708043206985512e-14
0.616	3.657882132946745e-14
0.618	3.607726728122567e-14
0.62	3.557432245492259e-14
0.622	3.5072340550454377e-14
0.624	3.45691034981247e-14
0.626	3.406595749943283e-14
0.628	3.3563535009414366e-14
0.63	3.306047597574061e-14
0.632	3.2557453243175885e-14
0.634	3.205502362291869e-14
0.636	3.155289505157931e-14
0.638	3.105091791041774e-14
0.64	3.054965673619509e-14
0.642	3.004900598188918e-14
0.644	2.954956582449099e-14
0.646	2.905055989374808e-14
0.648	2.855326239773062e-14
0.65	2.8056373052203437e-14
0.652	2.7561812594407756e-14
0.654	2.7068376984140763e-14
0.656	2.6576681888993497e-14
0.658	2.6087387649692175e-14
0.66	2.560057471117568e-14
0.662	2.5116295315213478e-14
0.664	2.463468389980677e-14
0.666	2.4156324518988368e-14
0.668	2.368133922378388e-14
0.67	2.320940087368832e-14
0.672	2.2741527879004352e-14
0.674	2.227786242480274e-14
0.676	2.181851368589963e-14
0.678	2.1363584603213837e-14
0.68	2.0913572419943284e-14
0.682	2.0468608957966163e-14
0.684	2.0028791220657936e-14
0.686	1.9594839175414006e-14
0.6880000000000001	1.916714255728769e-14
0.6900000000000001	1.8745096363306692e-14
0.6920000000000001	1.8329906327172223e-14
0.6940000000000001	1.7921520427807702e-14
0.6960000000000001	1.7519904839292432e-14
0.6980000000000001	1.7125736633446547e-14
0.7000000000000001	1.673916348255638e-14
0.7020000000000001	1.6360456361706668e-14
0.7040000000000001	1.59898727441846e-14
0.7060000000000001	1.5627804159879913e-14
0.7080000000000001	1.5274349883582265e-14
0.7100000000000001	1.4929761287048814e-14
0.7120000000000001	1.45945731181746e-14
0.7140000000000001	1.4268687931371147e-14
0.7160000000000001	1.3952461796192252e-14
0.7180000000000001	1.364634009773689e-14
0.7200000000000001	1.3350158720485221e-14
0.7220000000000001	1.3064484445113403e-14
0.724	1.278931642995813e-14
0.726	1.2524862597113022e-14
0.728	1.2271263730154149e-14
0.73	1.202855240867605e-14
0.732	1.1796972291428944e-14
0.734	1.1576535318971376e-14
0.736	1.1367090324025669e-14
0.738	1.11687639264902e-14
0.74	1.0981286716896395e-14
0.742	1.0804562213354998e-14
0.744	1.0638308436795235e-14
0.746	1.0481888662003622e-14
0.748	1.0334910117863327e-14
0.75	1.0196575904220798e-14
0.752	1.006567338210544e-14
0.754	9.94081419142295e-15
0.756	9.820039638773519e-15
0.758	9.700737555457694e-15
0.76	9.579051097693913e-15
0.762	9.450182869562634e-15
0.764	9.306580699359867e-15
0.766	9.137925405332511e-15
0.768	8.928734960514957e-15
0.77	8.656046248581975e-15
0.772	8.286145480047403e-15
0.774	7.771990107969535e-15
0.776	7.061004402039296e-15
0.778	6.143126588961507e-15
0.78	5.197418058438385e-15
0.782	4.742837450420888e-15
0.784	5.267429772297229e-15
0.786	6.531657365237467e-15
0.788	7.891450013580543e-15
0.79	9.005612645471412e-15
0.792	9.843762507299098e-15
0.794	1.0474596521989964e-14
0.796	1.0967010690100215e-14
0.798	1.1370632597778517e-14
0.8	1.1717320236417693e-14
0.802	1.2017635930456202e-14
0.804	1.2296803156561772e-14
0.806	1.2562553305133015e-14
0.808	1.2820184106309848e-14
0.81	1.3072871907424794e-14
0.812	1.3322899246602817e-14
0.8140000000000001	1.3571689853635817e-14
0.8160000000000001	1.382022993068697e-14
0.8180000000000001	1.4069086293500098e-14
0.8200000000000001	1.431856405245123e-14
0.8220000000000001	1.4568981067937495e-14
0.8240000000000001	1.4820005018178437e-14
0.8260000000000001	1.507216001728054e-14
0.8280000000000001	1.53248150770084e-14
0.8300000000000001	1.5578256429985433e-14
0.8320000000000001	1.5832068888357963e-14
0.8340000000000001	1.6086270896789e-14
0.8360000000000001	1.63403003569344e-14
0.8380000000000001	1.659458754793392e-14
0.8400000000000001	1.6848686150811095e-14
0.8420000000000001	1.7102414784756397e-14
0.8440000000000001	1.7355568313372976e-14
0.8460000000000001	1.760814736708182e-14
0.8480000000000001	1.7859551895357002e-14
0.8500000000000001	1.8110505699376805e-14
0.8520000000000001	1.8359976860802812e-14
0.854	1.8608375088861547e-14
0.856	1.8855681401524523e-14
0.858	1.9101255512048705e-14
0.86	1.9345059761443985e-14
0.862	1.9587535046895976e-14
0.864	1.982755012278705e-14
0.866	2.006640351769357e-14
0.868	2.0302413301728003e-14
0.87	2.053658349699601e-14
0.872	2.076853047935046e-14
0.874	2.0997896780687144e-14
0.876	2.12248403226741e-14
0.878	2.1448948428893236e-14
0.88	2.16709112421016e-14
0.882	2.188985762243173e-14
0.884	2.2106008939977955e-14
0.886	2.2319546151609142e-14
0.888	2.2530140858945867e-14
0.89	2.2737513283195375e-14
0.892	2.2943322565284866e-14
0.894	2.3142276592698692e-14
0.896	2.3337733460715625e-14
0.898	2.353059178983084e-14
0.9	2.37199917201283e-14
0.902	2.3906219826916055e-14
0.904	2.4089679856777742e-14
0.906	2.4269442887879174e-14
0.908	2.4445933821045382e-14
0.91	2.4618890444869535e-14
0.912	2.4788763391196343e-14
0.914	2.4955328390201095e-14
0.916	2.511835260214081e-14
0.918	2.5278314787961255e-14
0.92	2.543433428637143e-14
0.922	2.5586880224526674e-14
0.924	2.5735779282010733e-14
0.926	2.588158340945915e-14
0.928	2.6023387101802766e-14
0.93	2.616250029269537e-14
0.932	2.629716687779312e-14
0.934	2.6428126693498865e-14
0.936	2.6555876567576864e-14
0.9380000000000001	2.6680370888814368e-14
0.9400000000000001	2.6800581591053137e-14
0.9420000000000001	2.691806873636761e-14
0.9440000000000001	2.7030966219210942e-14
0.9460000000000001	2.7140826477836266e-14
0.9480000000000001	2.7246738068813878e-14
0.9500000000000001	2.734845820274932e-14
0.9520000000000001	2.7447723808534855e-14
0.9540000000000001	2.7542422436572555e-14
0.9560000000000001	2.7633757557624844e-14
0.9580000000000001	2.7721649750273667e-14
0.9600000000000001	2.7805999748727368e-14
0.9620000000000001	2.7886850945547457e-14
0.9640000000000001	2.7964182113030372e-14
0.9660000000000001	2.8038130361353895e-14
0.9680000000000001	2.8108629204451662e-14
0.9700000000000001	2.817569303983091e-14
0.9720000000000001	2.82393161131589e-14
0.9740000000000001	2.8299521302838117e-14
0.9760000000000001	2.8356157739819527e-14
0.9780000000000001	2.8409260599293407e-14
0.98	2.845849797765396e-14
0.982	2.850386957399381e-14
0.984	2.854499131591877e-14
0.986	2.85813872783614e-14
0.988	2.8612444669153e-14
0.99	2.862456206041163e-14
0.992	2.860334992287196e-14
0.994	2.853180661179232e-14
0.996	2.8384117062742442e-14
0.998	2.8123119666436996e-14
1.	2.769378899977413e-14
1.002	2.7014487927830444e-14
1.004	2.596612429363155e-14
1.006	2.437895730721567e-14
1.008	2.2033345636554103e-14
1.01	1.8704591065829526e-14
1.012	1.4323905072805708e-14
1.014	9.295542821156662e-15
1.016	4.7327277136897986e-15
1.018	2.006202365872506e-15
1.02	1.697047335804582e-15
1.022	3.2727453271032675e-15
1.024	5.742841339070551e-15
1.026	8.369970912352103e-15
1.028	1.0788840135475082e-14
1.03	1.287793116415802e-14
1.032	1.463289455410583e-14
1.034	1.6091629002970772e-14
1.036	1.7302559612654288e-14
1.038	1.83095202666145e-14
1.04	1.9151308908089355e-14
1.042	1.9857911727264772e-14
1.044	2.0454126498918947e-14
1.046	2.0958934100939984e-14
1.048	2.138790580004366e-14
1.05	2.1753329843372635e-14
1.052	2.20650723199929e-14
1.054	2.2331253026136927e-14
1.056	2.2558276038640236e-14
1.058	2.275195813908232e-14
1.06	2.291636004555154e-14
1.062	2.3055594698745954e-14
1.064	2.317288957188111e-14
1.066	2.3270995680523563e-14
1.068	2.3352406359423338e-14
1.07	2.341923493060772e-14
1.072	2.34735040282841e-14
1.074	2.3516864625287703e-14
1.076	2.3550652388978796e-14
1.078	2.3576647968273797e-14
1.08	2.3596169621687708e-14
1.082	2.3610232486547592e-14
1.084	2.3620042747225906e-14
1.086	2.3626868796789082e-14
1.088	2.3631663685437195e-14
1.09	2.3635288428269904e-14
1.092	2.3638127840578292e-14
1.094	2.364052589886369e-14
1.096	2.3642494684005103e-14
1.098	2.364416629088103e-14
1.1	2.3645661551226772e-14
1.102	2.3646948995502378e-14
1.104	2.364808733978092e-14
1.106	2.3648979627374215e-14
1.108	2.364972824397926e-14
1.11	2.3649980275831507e-14
1.112	2.36497268653871e-14
1.114	2.364896509492909e-14
1.116	2.3647444814347103e-14
1.118	2.364495164185227e-14
1.12	2.3641611582818535e-14
1.122	2.3636736087430576e-14
1.124	2.3630648585734062e-14
1.1260000000000001	2.3622821594312402e-14
1.1280000000000001	2.361308286671662e-14
1.1300000000000001	2.3601389762208218e-14
1.1320000000000001	2.3587330308638716e-14
1.1340000000000001	2.357093407581614e-14
1.1360000000000001	2.3551725589714648e-14
1.1380000000000001	2.3529568187347486e-14
1.1400000000000001	2.350423039542341e-14
1.1420000000000001	2.3475897056986853e-14
1.1440000000000001	2.344469945451488e-14
1.1460000000000001	2.341069372487648e-14
1.1480000000000001	2.3374254422976416e-14
1.1500000000000001	2.3335270140250357e-14
1.1520000000000001	2.3294130511399115e-14
1.1540000000000001	2.3250680250383346e-14
1.1560000000000001	2.3205310856779404e-14
1.1580000000000001	2.3158128328944536e-14
1.1600000000000001	2.3109152610951652e-14
1.1620000000000001	2.3058606128014865e-14
1.1640000000000001	2.300659305082341e-14
1.1660000000000001	2.295320345978134e-14
1.1680000000000001	2.2898684027134918e-14
1.1700000000000002	2.284311442556926e-14
1.1720000000000002	2.2786732512378128e-14
1.174	2.2729553198687537e-14
1.176	2.2671736492635522e-14
1.178	2.2613423714774532e-14
1.18	2.2554873256227092e-14
1.182	2.2496214238209578e-14
1.184	2.243738425223056e-14
1.186	2.2378928133643853e-14
1.188	2.232055117411251e-14
1.19	2.226263988594071e-14
1.192	2.220511810899785e-14
1.194	2.214795542042487e-14
1.196	2.209104785345686e-14
1.198	2.203439452661918e-14
1.2	2.1977801091279366e-14
1.202	2.1921396903008293e-14
1.204	2.186499728306177e-14
1.206	2.1808594891536637e-14
1.208	2.175216482354791e-14
1.21	2.169563754394356e-14
1.212	2.1638987409363305e-14
1.214	2.1582085052618283e-14
1.216	2.1524885948781158e-14
1.218	2.1467518999153777e-14
1.22	2.1409677925051747e-14
1.222	2.1351534181705953e-14
1.224	2.129290044983114e-14
1.226	2.123376461368729e-14
1.228	2.117403241594719e-14
1.23	2.1113799682690822e-14
1.232	2.10528924205582e-14
1.234	2.0991127709696205e-14
1.236	2.0928697846067347e-14
1.238	2.0865573386286712e-14
1.24	2.080147540950955e-14
1.242	2.0736715298766818e-14
1.244	2.0671120496887813e-14
1.246	2.0604914421148976e-14
1.248	2.05381934261717e-14
1.25	2.0470766252144e-14
1.252	2.040292324071722e-14
1.254	2.033459684463359e-14
1.256	2.0266076933360342e-14
1.258	2.0197141958403376e-14
1.26	2.0128166521956177e-14
1.262	2.0058841446284365e-14
1.264	1.9989505474262084e-14
1.266	1.992016208698426e-14
1.268	1.9850944075270885e-14
1.27	1.9781815965153316e-14
1.272	1.9712798076082482e-14
1.274	1.9643958481710016e-14
1.276	1.9575478665126987e-14
1.278	1.9507284066227745e-14
1.28	1.9439689409001186e-14
1.282	1.9372439401416844e-14
1.284	1.9305661302991607e-14
1.286	1.9239579791964908e-14
1.288	1.9174081864247684e-14
1.29	1.9109248443838862e-14
1.292	1.904496807501222e-14
1.294	1.8981476522384188e-14
1.296	1.8918484446193093e-14
1.298	1.8856060845765065e-14
1.3	1.87941545015183e-14
1.302	1.8732636403304312e-14
1.304	1.8671665853069145e-14
1.306	1.861092497916194e-14
1.308	1.8550584841861506e-14
1.31	1.8490542650080578e-14
1.312	1.843083494264027e-14
1.314	1.8371202230623902e-14
1.316	1.8311923268878106e-14
1.318	1.8252703020435688e-14
1.32	1.819362110421452e-14
1.322	1.8134562660652287e-14
1.324	1.807555108566036e-14
1.326	1.801662535479143e-14
1.328	1.795757279432444e-14
1.33	1.789848176964198e-14
1.332	1.783931373105195e-14
1.334	1.7779913859417626e-14
1.336	1.7720425248800404e-14
1.338	1.7660754282622774e-14
1.34	1.7600852776863883e-14
1.342	1.7540770380027058e-14
1.344	1.748037362441116e-14
1.346	1.7420050547679047e-14
1.348	1.7359524914240184e-14
1.35	1.7298920047879308e-14
1.352	1.7238334381706736e-14
1.354	1.7177723838072692e-14
1.356	1.7117206913725112e-14
1.358	1.7056697561630247e-14
1.36	1.699631002461536e-14
1.362	1.6936096068416604e-14
1.364	1.6875948007300195e-14
1.366	1.6816046530939516e-14
1.368	1.6756326635778964e-14
1.37	1.6696847161635237e-14
1.372	1.66376446903032e-14
1.374	1.657872456586201e-14
1.3760000000000001	1.652009906927847e-14
1.3780000000000001	1.6461775393530014e-14
1.3800000000000001	1.64039002788063e-14
1.3820000000000001	1.6346453268198817e-14
1.3840000000000001	1.6289337414020376e-14
1.3860000000000001	1.6232709860499417e-14
1.3880000000000001	1.6176471376277922e-14
1.3900000000000001	1.612083657049471e-14
1.3920000000000001	1.606558356049628e-14
1.3940000000000001	1.6010827748142195e-14
1.3960000000000001	1.5956504601368207e-14
1.3980000000000001	1.590257053811499e-14
1.4000000000000001	1.584292079176637e-14
1.4020000000000001	1.5782572087881365e-14
1.4040000000000001	1.572241626994766e-14
1.4060000000000001	1.5662503197096768e-14
1.4080000000000001	1.5602895511940685e-14
1.4100000000000001	1.5543578246141136e-14
1.4120000000000001	1.548451882412079e-14
1.4140000000000001	1.5425935147882052e-14
1.4160000000000001	1.5367650930860853e-14
1.4180000000000001	1.5309873204861104e-14
1.4200000000000002	1.525259423236722e-14
1.4220000000000002	1.5195723404018768e-14
1.4240000000000002	1.5139419605859478e-14
1.4260000000000002	1.5083713958643977e-14
1.428	1.5028541474841308e-14
1.43	1.497408747129154e-14
1.432	1.4920228529742657e-14
1.434	1.4867117512167456e-14
1.436	1.4814738572328335e-14
1.438	1.4763072469591713e-14
1.44	1.47121753392554e-14
1.442	1.4662149248348028e-14
1.444	1.4612960251618682e-14
1.446	1.456473676579493e-14
1.448	1.451744259031358e-14
1.45	1.4471155061891292e-14
1.452	1.4425908330660833e-14
1.454	1.4381615331266e-14
1.456	1.433831532979045e-14
1.458	1.4295897442673655e-14
1.46	1.4254340436248957e-14
1.462	1.421357599810322e-14
1.464	1.4173571619202676e-14
1.466	1.41342881462857e-14
1.468	1.4095647545684977e-14
1.47	1.4057657375751688e-14
1.472	1.402018244342753e-14
1.474	1.398321587800116e-14
1.476	1.3946816337539059e-14
1.478	1.3932990002528937e-14
1.48	1.3897264751374503e-14
1.482	1.3654157855662185e-14
1.484	1.353058488369603e-14
1.486	1.341200240132082e-14
1.488	1.329874821641365e-14
1.49	1.319157410559746e-14
1.492	1.3090538946211709e-14
1.494	1.2996269719085277e-14
1.496	1.290909724172268e-14
1.498	1.2829402491897885e-14
1.5	1.2757632532001628e-14
1.502	1.2693887047592027e-14
1.504	1.2637883659866322e-14
1.506	1.2588919226903819e-14
1.508	1.254645164252602e-14
1.51	1.251001404158131e-14
1.512	1.2479090782233785e-14
1.514	1.2453241048594405e-14
1.516	1.2431986285089236e-14
1.518	1.2414942834544507e-14
1.52	1.240166047697087e-14
1.522	1.239166639249078e-14
1.524	1.2384603431586271e-14
1.526	1.2380126768419658e-14
1.528	1.2377721783840475e-14
1.53	1.237707072822532e-14
1.532	1.237768508875296e-14
1.534	1.2379224938907924e-14
1.536	1.2381340332385075e-14
1.538	1.238348121294475e-14
1.54	1.2385382632106063e-14
1.542	1.2386464711749976e-14
1.544	1.2386489914467186e-14
1.546	1.2384958647180356e-14
1.548	1.2381429354669492e-14
1.55	1.2375576666959136e-14
1.552	1.236696115124123e-14
1.554	1.2355672492151483e-14
1.556	1.2341686600755399e-14
1.558	1.2325158144781189e-14
1.56	1.2306188818064192e-14
1.562	1.2284823553015049e-14
1.564	1.2261243675689072e-14
1.566	1.2235532629548868e-14
1.568	1.220769689463753e-14
1.57	1.2177866300047444e-14
1.572	1.214619363644608e-14
1.574	1.2112779952194178e-14
1.576	1.2077647038727222e-14
1.578	1.2040958947462605e-14
1.58	1.2002878222798771e-14
1.582	1.1963286864339414e-14
1.584	1.1922569237998694e-14
1.586	1.1880634442921226e-14
1.588	1.1837585860382532e-14
1.59	1.1793635432556217e-14
1.592	1.174885502027052e-14
1.594	1.1703207148745667e-14
1.596	1.1656923958805604e-14
1.598	1.1610020249643241e-14
1.6	1.1562588902925001e-14
1.602	1.1514748148446723e-14
1.604	1.146658637847282e-14
1.606	1.1418396804099622e-14
1.608	1.1370182928783097e-14
1.61	1.132207507023902e-14
1.612	1.1274199978372892e-14
1.614	1.1226781433381793e-14
1.616	1.1179911841225284e-14
1.618	1.1133632558677861e-14
1.62	1.1088081385706744e-14
1.622	1.1043416647900737e-14
1.624	1.0999768697110411e-14
1.6260000000000001	1.095721643770787e-14
1.6280000000000001	1.0915861020690363e-14
1.6300000000000001	1.0875753619217542e-14
1.6320000000000001	1.0837086694216007e-14
1.6340000000000001	1.0799931581651073e-14
1.6360000000000001	1.0764316027792263e-14
1.6380000000000001	1.0730380652885773e-14
1.6400000000000001	1.0698269128357518e-14
1.6420000000000001	1.0668063118523922e-14
1.6440000000000001	1.0639794740199599e-14
1.6460000000000001	1.0613590676358126e-14
1.6480000000000001	1.0589534261965686e-14
1.6500000000000001	1.0567796363258029e-14
1.6520000000000001	1.0548368547891004e-14
1.6540000000000001	1.05310847359148e-14
1.6560000000000001	1.0515859515473361e-14
1.6580000000000001	1.0502527065250184e-14
1.6600000000000001	1.0490980705671517e-14
1.6620000000000001	1.0481001379667829e-14
1.6640000000000001	1.0472462004003316e-14
1.6660000000000001	1.0465255023683028e-14
1.6680000000000001	1.0459226690178725e-14
1.6700000000000002	1.0454239872167803e-14
1.6720000000000002	1.0450137784477618e-14
1.6740000000000002	1.0446820018053374e-14
1.6760000000000002	1.0444071529344993e-14
1.6780000000000002	1.0441886618719431e-14
1.6800000000000002	1.043996631655836e-14
1.6820000000000002	1.0438227584137272e-14
1.6840000000000002	1.043657814381859e-14
1.686	1.0434859696866608e-14
1.688	1.043289535135163e-14
1.69	1.0430577907720042e-14
1.692	1.0427743209996616e-14
1.694	1.0424258588320482e-14
1.696	1.0419977673586113e-14
1.698	1.0414740672072906e-14
1.7	1.0408431197701748e-14
1.702	1.0400938119940664e-14
1.704	1.0392330400599429e-14
1.706	1.0382713825566036e-14
1.708	1.0372104025853325e-14
1.71	1.0360667807324344e-14
1.712	1.0348478952075156e-14
1.714	1.0335625645377247e-14
1.716	1.0322212584582504e-14
1.718	1.0308315794036951e-14
1.72	1.0294058860108474e-14
1.722	1.0279508552330043e-14
1.724	1.0264760441586331e-14
1.726	1.0249909474724421e-14
1.728	1.023505441360355e-14
1.73	1.0220279980950523e-14
1.732	1.0205690301886455e-14
1.734	1.0191355573345858e-14
1.736	1.0177316644663417e-14
1.738	1.0163746980985055e-14
1.74	1.015069091356425e-14
1.742	1.0138278656545968e-14
1.744	1.012651434835575e-14
1.746	1.0115602712407671e-14
1.748	1.0105497127378448e-14
1.75	1.0096351665776358e-14
1.752	1.0088278636781489e-14
1.754	1.008114687314062e-14
1.756	1.007515333202648e-14
1.758	1.0070159304728478e-14
1.76	1.0066143216723307e-14
1.762	1.0063121389755675e-14
1.764	1.0061119568672283e-14
1.766	1.0060155353683976e-14
1.768	1.0060092646844734e-14
1.77	1.006103597941821e-14
1.772	1.006291847262866e-14
1.774	1.0065846171806616e-14
1.776	1.006970891857638e-14
1.778	1.0074534150489385e-14
1.78	1.0080367890736843e-14
1.782	1.0087102918552955e-14
1.784	1.0094857765518463e-14
1.786	1.0103528023722634e-14
1.788	1.0113182136940203e-14
1.79	1.0123767762280919e-14
1.792	1.0135368476135191e-14
1.794	1.0147900998546644e-14
1.796	1.0161384150902655e-14
1.798	1.0175858130673162e-14
1.8	1.0191235183026027e-14
1.802	1.0207674120399432e-14
1.804	1.0224988264620042e-14
1.806	1.0243184131851586e-14
1.808	1.0262233461063896e-14
1.81	1.0282051131448298e-14
1.812	1.0302581364355812e-14
1.814	1.0323862719500166e-14
1.816	1.0345721524970756e-14
1.818	1.0368199665233606e-14
1.82	1.0391209234929414e-14
1.822	1.0414692082929497e-14
1.824	1.0438537327665555e-14
1.826	1.0462836046995815e-14
1.828	1.0487418748465379e-14
1.83	1.0512249058998306e-14
1.832	1.0537287229688762e-14
1.834	1.0562439587415276e-14
1.836	1.0587671118797552e-14
1.838	1.0612925557635792e-14
1.84	1.063811195500471e-14
1.842	1.0663175962572297e-14
1.844	1.0687981529671355e-14
1.846	1.0712601064466939e-14
1.848	1.073684088073279e-14
1.85	1.0760661497649037e-14
1.852	1.0783988252149699e-14
1.854	1.0806825169660435e-14
1.856	1.0828978096806698e-14
1.858	1.0850535002433697e-14
1.86	1.0871309630411503e-14
1.862	1.0891327570304613e-14
1.864	1.0910456738024415e-14
1.866	1.0928700531645412e-14
1.868	1.0945834013962001e-14
1.87	1.096202803598001e-14
1.872	1.09769953674852e-14
1.874	1.0990819129515966e-14
1.8760000000000001	1.1003357755329242e-14
1.8780000000000001	1.1014637233657306e-14
1.8800000000000001	1.1024391969352544e-14
1.8820000000000001	1.1032803520524591e-14
1.8840000000000001	1.1039609322550173e-14
1.8860000000000001	1.1044888859900752e-14
1.8880000000000001	1.1048462286397575e-14
1.8900000000000001	1.105028660210884e-14
1.8920000000000001	1.1050337316754514e-14
1.8940000000000001	1.1048580178060922e-14
1.8960000000000001	1.1044919875540275e-14
1.8980000000000001	1.1039254326970725e-14
1.9000000000000001	1.1031603264278688e-14
1.9020000000000001	1.1021908827529761e-14
1.9040000000000001	1.101012410962279e-14
1.9060000000000001	1.0996258772073163e-14
1.9080000000000001	1.0980330521482148e-14
1.9100000000000001	1.0962410259154043e-14
1.9120000000000001	1.0942392844235795e-14
1.9140000000000001	1.0920348296687929e-14
1.9160000000000001	1.0896289426253681e-14
1.9180000000000001	1.0870225753532444e-14
1.9200000000000002	1.0842155239086358e-14
1.9220000000000002	1.0812178140722807e-14
1.9240000000000002	1.0780235546864276e-14
1.9260000000000002	1.0746376400875654e-14
1.9280000000000002	1.0710629422644635e-14
1.9300000000000002	1.0673071346331653e-14
1.9320000000000002	1.063365575100373e-14
1.9340000000000002	1.0592487110375926e-14
1.9360000000000002	1.0549576764618855e-14
1.9380000000000002	1.0504906678032495e-14
1.94	1.0458509122228834e-14
1.942	1.0410555631450686e-14
1.944	1.0360996125853069e-14
1.946	1.0448719893448885e-14
1.948	1.0437880229065644e-14
1.95	1.0427063415129512e-14
1.952	1.0416269377278639e-14
1.954	1.0405498041488498e-14
1.956	1.0394749334069888e-14
1.958	1.0384023181666935e-14
1.96	1.0373319511255057e-14
1.962	1.0362638250139003e-14
1.964	1.0351979325950876e-14
1.966	1.0341342666648194e-14
1.968	1.033072820051192e-14
1.97	1.0320135856144568e-14
1.972	1.0309565562468275e-14
1.974	1.0299017248722908e-14
1.976	1.0288490844464189e-14
1.978	1.027798627956183e-14
1.98	1.0267503484197675e-14
1.982	1.0257042388863858e-14
1.984	1.0246602924360984e-14
1.986	1.0236185021796334e-14
1.988	1.022578861258202e-14
1.99	1.0215413628433272e-14
1.992	1.020506000136661e-14
1.994	1.0194727663698097e-14
1.996	1.0184416548041631e-14
1.998	1.0174126587307167e-14
2.	1.016385771469903e-14
2.002	1.0153618939673343e-14
2.004	1.0143400686894164e-14
2.006	1.013320289480765e-14
2.008	1.0123025502105703e-14
2.01	1.011286844772474e-14
2.012	1.0102731670844486e-14
2.014	1.0092615110886762e-14
2.016	1.0082518707514292e-14
2.018	1.0072442400629477e-14
2.02	1.0062386130373243e-14
2.0220000000000002	1.0052349837123824e-14
2.024	1.0042333461495638e-14
2.0260000000000002	1.003233694433805e-14
2.028	1.0022360226734271e-14
2.0300000000000002	1.0012403250000178e-14
2.032	1.0002465955683173e-14
2.0340000000000003	9.99254828556103e-15
2.036	9.98265018164078e-15
2.0380000000000003	9.972771586157588e-15
2.04	9.962912441573603e-15
2.0420000000000003	9.953072690576869e-15
2.044	9.943252276080218e-15
2.0460000000000003	9.933451141220154e-15
2.048	9.923669229355785e-15
2.0500000000000003	9.913906484067696e-15
2.052	9.904162849156907e-15
2.0540000000000003	9.894438268643783e-15
2.056	9.884732686766946e-15
2.0580000000000003	9.87504604798226e-15
2.06	9.865378296961714e-15
2.0620000000000003	9.855729378592427e-15
2.064	9.846099237975572e-15
2.0660000000000003	9.836487820425345e-15
2.068	9.826895071467939e-15
2.07	9.817320936840504e-15
2.072	9.80776536249016e-15
2.074	9.798228294572937e-15
2.076	9.7887096794528e-15
2.078	9.779209463700634e-15
2.08	9.769727594093253e-15
2.082	9.760264017612407e-15
2.084	9.750818681443797e-15
2.086	9.7413915329761e-15
2.088	9.731982519799968e-15
2.09	9.722591589707106e-15
2.092	9.71321869068928e-15
2.094	9.703863770937374e-15
2.096	9.694526778840406e-15
2.098	9.685207662984629e-15
2.1	9.675906372152555e-15
2.102	9.666631377009053e-15
2.104	9.65737408061365e-15
2.106	9.64813443241742e-15
2.108	9.638912382063609e-15
2.11	9.629707879386777e-15
2.112	9.620522242105061e-15
2.114	9.611354048839338e-15
2.116	9.602203250006122e-15
2.118	9.593069796209569e-15
2.12	9.583953638240551e-15
2.122	9.57485604730773e-15
2.124	9.565775650594068e-15
2.126	9.556712399458377e-15
2.128	9.547666245442629e-15
2.13	9.538637140271146e-15
2.132	9.52962631051617e-15
2.134	9.520632429997406e-15
2.136	9.511655450993422e-15
2.138	9.50269532596168e-15
2.14	9.49375200753765e-15
2.142	9.48482667944503e-15
2.144	9.475918060301789e-15
2.146	9.467026103284424e-15
2.148	9.458150761744105e-15
2.15	9.449291989205896e-15
2.152	9.440450928251848e-15
2.154	9.431626340542252e-15
2.156	9.422818180130287e-15
2.158	9.414026401239773e-15
2.16	9.405250958264329e-15
2.162	9.396492954274501e-15
2.164	9.387751192295277e-15
2.166	9.37902562723593e-15
2.168	9.37031621417239e-15
2.17	9.36162290834648e-15
2.172	9.352946774874377e-15
2.174	9.344286656542605e-15
2.176	9.33564250909648e-15
2.178	9.327014288444135e-15
2.18	9.318401950655766e-15
2.182	9.309806524381091e-15
2.184	9.301226890635665e-15
2.186	9.292663005981398e-15
2.188	9.284114827139265e-15
2.19	9.275582310988594e-15
2.192	9.267066451134656e-15
2.194	9.258566165356789e-15
2.196	9.250081411014574e-15
2.198	9.241612145623017e-15
2.2	9.233158326851858e-15
2.202	9.224720914621391e-15
2.204	9.216298862073355e-15
2.206	9.207892127346611e-15
2.208	9.199500668731923e-15
2.21	9.191124444671261e-15
2.212	9.182764382699866e-15
2.214	9.1744194699813e-15
2.216	9.166089665415826e-15
2.218	9.157774928052178e-15
2.22	9.149475217086882e-15
2.222	9.141191428913486e-15
2.224	9.132922583434573e-15
2.226	9.124668640294447e-15
2.228	9.116429559282525e-15
2.23	9.10820530033269e-15
2.232	9.099996729886323e-15
2.234	9.091802899357248e-15
2.236	9.08362376911691e-15
2.238	9.075459299678602e-15
2.24	9.067309451696855e-15
2.242	9.05917506279914e-15
2.244	9.051055214735146e-15
2.246	9.042949868587009e-15
2.248	9.034858985575552e-15
2.25	9.026782527059684e-15
2.2520000000000002	9.018721302942523e-15
2.254	9.010674424184028e-15
2.2560000000000002	9.00264185256106e-15
2.258	8.994623549986069e-15
2.2600000000000002	8.986619478506533e-15
2.262	8.978630421344268e-15
2.2640000000000002	8.970655517591484e-15
2.266	8.962694729704185e-15
2.2680000000000002	8.954748020270995e-15
2.27	8.946815352012569e-15
2.2720000000000002	8.938897482468288e-15
2.274	8.930993577829775e-15
2.2760000000000002	8.923103601217065e-15
2.278	8.915227515879897e-15
2.2800000000000002	8.907365285197118e-15
2.282	8.89951764198241e-15
2.2840000000000003	8.891683778537099e-15
2.286	8.883863658630538e-15
2.2880000000000003	8.876057246158919e-15
2.29	8.868264505144722e-15
2.2920000000000003	8.860486144592515e-15
2.294	8.85272138196471e-15
2.2960000000000003	8.84497018166563e-15
2.298	8.837232508223679e-15
2.3000000000000003	8.829508326290786e-15
2.302	8.821798321940712e-15
2.3040000000000003	8.814101736887539e-15
2.306	8.806418536156599e-15
2.3080000000000003	8.798748684894625e-15
2.31	8.7910921483692e-15
2.3120000000000003	8.783449590565131e-15
2.314	8.77582027657606e-15
2.3160000000000003	8.768204172034778e-15
2.318	8.76060124269283e-15
2.3200000000000003	8.753011454420003e-15
2.322	8.745435449919205e-15
2.3240000000000003	8.737872516827207e-15
2.326	8.730322621371042e-15
2.328	8.722785729893904e-15
2.33	8.71526180885472e-15
2.332	8.707751480448331e-15
2.334	8.700254054052243e-15
2.336	8.692769496474829e-15
2.338	8.68529777463815e-15
2.34	8.677838855577516e-15
2.342	8.670393341721893e-15
2.344	8.662960563419576e-15
2.346	8.655540488047733e-15
2.348	8.648133083094826e-15
2.35	8.640738316160115e-15
2.352	8.633356770618702e-15
2.354	8.62598779705066e-15
2.356	8.61863136338977e-15
2.358	8.611287437678727e-15
2.36	8.603955988068683e-15
2.362	8.596637579563962e-15
2.364	8.58933158226707e-15
2.366	8.58203796465649e-15
2.368	8.574756695317314e-15
2.37	8.567487742940805e-15
2.372	8.560231654816109e-15
2.374	8.552987819887037e-15
2.376	8.545756207165185e-15
2.378	8.53853678576652e-15
2.38	8.531329524910932e-15
2.382	8.524134954801672e-15
2.384	8.516952482569734e-15
2.386	8.509782077748548e-15
2.388	8.502623709973715e-15
2.39	8.495477348982573e-15
2.392	8.488343508496618e-15
2.394	8.481221613205724e-15
2.396	8.474111633154147e-15
2.398	8.467013538486164e-15
2.4	8.459927299445696e-15
2.402	8.45285341385258e-15
2.404	8.445791323351958e-15
2.406	8.438740998488162e-15
2.408	8.431702409903492e-15
2.41	8.424675528337799e-15
2.412	8.417660836266503e-15
2.414	8.410657791709885e-15
2.416	8.403666365701937e-15
2.418	8.39668652937257e-15
2.42	8.389718253947228e-15
2.422	8.382762007092133e-15
2.424	8.375817262645221e-15
2.426	8.36888399211992e-15
2.428	8.361962167123623e-15
2.43	8.355051759357286e-15
2.432	8.348153222192192e-15
2.434	8.341266044747977e-15
2.436	8.334390199007584e-15
2.438	8.327525657045986e-15
2.44	8.320672391029817e-15
2.442	8.313830840529652e-15
2.444	8.307000509431471e-15
2.446	8.300181370178062e-15
2.448	8.293373395302348e-15
2.45	8.286576557427026e-15
2.452	8.279791282796996e-15
2.454	8.27301708956901e-15
2.456	8.266253950636243e-15
2.458	8.259501838980163e-15
2.46	8.252760727670193e-15
2.462	8.24603103008221e-15
2.464	8.239312278167052e-15
2.466	8.232604445259053e-15
2.468	8.22590750477908e-15
2.47	8.219221430234158e-15
2.472	8.212546622570227e-15
2.474	8.20588262707361e-15
2.476	8.199229417510834e-15
2.478	8.192586967733195e-15
2.48	8.185955251676432e-15
2.482	8.17933465827882e-15
2.484	8.172724745720898e-15
2.486	8.166125488192608e-15
2.488	8.159536859966973e-15
2.49	8.152958835399736e-15
2.492	8.14639179182772e-15
2.494	8.139835299900957e-15
2.496	8.13328933422427e-15
2.498	8.126753869483878e-15
2.5	8.120228880447088e-15
2.5020000000000002	8.113714733240006e-15
2.504	8.10721101057337e-15
2.5060000000000002	8.100717687458532e-15
2.508	8.094234738986615e-15
2.5100000000000002	8.087762140328206e-15
2.512	8.081300246774701e-15
2.5140000000000002	8.074848652703969e-15
2.516	8.068407333525738e-15
2.5180000000000002	8.061976264727937e-15
2.52	8.055555421876378e-15
2.5220000000000002	8.049145149789595e-15
2.524	8.042745054133578e-15
2.5260000000000002	8.036355110708509e-15
2.528	8.029975295391206e-15
2.5300000000000002	8.023605584134831e-15
2.532	8.01724631163336e-15
2.5340000000000003	8.010897094475905e-15
2.536	8.00455790884533e-15
2.5380000000000003	7.99822873099963e-15
2.54	7.991909537271647e-15
2.5420000000000003	7.985600652566085e-15
2.544	7.979301704043596e-15
2.5460000000000003	7.973012668262154e-15
2.548	7.9667335218534e-15
2.5500000000000003	7.960464241522344e-15
2.552	7.95420514270729e-15
2.5540000000000003	7.947955862801683e-15
2.556	7.941716378731214e-15
2.5580000000000003	7.93548666749381e-15
2.56	7.929266706159341e-15
2.5620000000000003	7.92305680101064e-15
2.564	7.916856599347505e-15
2.5660000000000003	7.910666078456148e-15
2.568	7.904485215693613e-15
2.5700000000000003	7.898313988487454e-15
2.572	7.892152694264518e-15
2.5740000000000003	7.886000989916384e-15
2.576	7.879858853082733e-15
2.5780000000000003	7.873726261472693e-15
2.58	7.867603192864563e-15
2.582	7.861489936117677e-15
2.584	7.855386157412162e-15
2.586	7.849291834734288e-15
2.588	7.843206946138431e-15
2.59	7.8371314697468e-15
2.592	7.831065686129204e-15
2.594	7.825009270461958e-15
2.596	7.818962201071212e-15
2.598	7.812924456349899e-15
2.6	7.806896014757485e-15
2.602	7.800877148842112e-15
2.604	7.794867542494402e-15
2.606	7.788867174373806e-15
2.608	7.782876023205285e-15
2.61	7.776894067779077e-15
2.612	7.770921572879815e-15
2.614	7.764958230840566e-15
2.616	7.759004020647678e-15
2.618	7.75305892135177e-15
2.62	7.747122912067477e-15
2.622	7.741196250064817e-15
2.624	7.735278635857052e-15
2.626	7.729370048751177e-15
2.628	7.723470468117237e-15
2.63	7.717579873388061e-15
2.632	7.711698514558972e-15
2.634	7.705826100070472e-15
2.636	7.699962609544081e-15
2.638	7.694108022663168e-15
2.64	7.688262319172705e-15
2.642	7.682425742024685e-15
2.644	7.67659800734275e-15
2.646	7.670779095056971e-15
2.648	7.6649689851581e-15
2.65	7.659167657697333e-15
2.652	7.653375348806434e-15
2.654	7.64759178205665e-15
2.656	7.641816937680762e-15
2.658	7.636050795971089e-15
2.66	7.630293337279251e-15
2.662	7.624544791132024e-15
2.664	7.618804888320894e-15
2.666	7.613073609375652e-15
2.668	7.60735093488449e-15
2.67	7.601636845493819e-15
2.672	7.595931564333017e-15
2.674	7.590234829194361e-15
2.676	7.584546620899063e-15
2.678	7.578866920325656e-15
2.68	7.57319570840979e-15
2.682	7.56753320208377e-15
2.684	7.561879145928781e-15
2.686	7.556233521052007e-15
2.688	7.55059630861688e-15
2.69	7.544967489842907e-15
2.692	7.539347275658595e-15
2.694	7.533735417229448e-15
2.696	7.528131895943285e-15
2.698	7.522536693243152e-15
2.7	7.516949790627109e-15
2.702	7.511371393206428e-15
2.704	7.505801258533343e-15
2.706	7.5002393682711e-15
2.708	7.494685704137153e-15
2.71	7.489140247902966e-15
2.712	7.483603199042654e-15
2.714	7.478074321304304e-15
2.716	7.472553596621509e-15
2.718	7.46704100698107e-15
2.72	7.461536534422791e-15
2.722	7.456040372957462e-15
2.724	7.45055229234467e-15
2.726	7.445072274783362e-15
2.728	7.439600302524718e-15
2.73	7.434136357871962e-15
2.732	7.428680629540399e-15
2.734	7.423232893122971e-15
2.736	7.417793131079112e-15
2.738	7.412361325919534e-15
2.74	7.406937460206048e-15
2.742	7.401521717520564e-15
2.744	7.396113879117228e-15
2.746	7.3907139277112e-15
2.748	7.385321846067985e-15
2.75	7.37993761700326e-15
2.7520000000000002	7.374561419122067e-15
2.754	7.369193039173401e-15
2.7560000000000002	7.363832460123481e-15
2.758	7.358479664987977e-15
2.7600000000000002	7.353134636831801e-15
2.762	7.347797549434341e-15
2.7640000000000002	7.342468194878615e-15
2.766	7.337146556377366e-15
2.7680000000000002	7.33183261719186e-15
2.77	7.326526360631756e-15
2.7720000000000002	7.321227955796842e-15
2.774	7.315937199948716e-15
2.7760000000000002	7.310654076542153e-15
2.778	7.305378569079618e-15
2.7800000000000002	7.300110661111068e-15
2.782	7.294850517197836e-15
2.7840000000000003	7.289597939629768e-15
2.786	7.28435291209934e-15
2.7880000000000003	7.279115418345853e-15
2.79	7.273885442155245e-15
2.7920000000000003	7.268663143686776e-15
2.794	7.263448330113185e-15
2.7960000000000003	7.258240985360375e-15
2.798	7.253041093400228e-15
2.8000000000000003	7.247848638250452e-15
2.802	7.242663775800022e-15
2.8040000000000003	7.237486317963998e-15
2.806	7.232316248897533e-15
2.8080000000000003	7.227153552800941e-15
2.81	7.221998213919545e-15
2.8120000000000003	7.216850383999445e-15
2.814	7.211709879562037e-15
2.8160000000000003	7.206576684987634e-15
2.818	7.201450784700929e-15
2.8200000000000003	7.196332163170809e-15
2.822	7.191220968123634e-15
2.8240000000000003	7.1861170205556e-15
2.826	7.181020305068196e-15
2.8280000000000003	7.175930806306482e-15
2.83	7.170848508958962e-15
2.8320000000000003	7.165773556851342e-15
2.834	7.160705775327318e-15
2.836	7.155645149205637e-15
2.838	7.150591663347854e-15
2.84	7.145545302658195e-15
2.842	7.140506207176841e-15
2.844	7.135474206471835e-15
2.846	7.130449285575356e-15
2.848	7.125431429561632e-15
2.85	7.120420623546825e-15
2.852	7.115417003896917e-15
2.854	7.110420404285117e-15
2.856	7.10543080995327e-15
2.858	7.1004482061845574e-15
2.86	7.095472578303359e-15
2.862	7.090504059109141e-15
2.864	7.0855424862649044e-15
2.866	7.0805878452185e-15
2.868	7.075640121458412e-15
2.87	7.070699300513577e-15
2.872	7.065765511721143e-15
2.874	7.060838596622187e-15
2.876	7.055918540867002e-15
2.878	7.0510053301457675e-15
2.88	7.046098950188448e-15
2.882	7.0411995269706094e-15
2.884	7.036306905803316e-15
2.886	7.031421072535744e-15
2.888	7.026542013056303e-15
2.89	7.021669713292471e-15
2.892	7.016804295955752e-15
2.894	7.0119456100224785e-15
2.896	7.007093641537288e-15
2.898	7.002248376583361e-15
2.9	6.997409801282303e-15
2.902	6.992578035175898e-15
2.904	6.9877529308043426e-15
2.906	6.98293447440436e-15
2.908	6.978122652250569e-15
2.91	6.97331745065533e-15
2.912	6.96851898608203e-15
2.914	6.9637271145365235e-15
2.916	6.958941822444326e-15
2.918	6.95416309626818e-15
2.92	6.949390922507949e-15
2.922	6.944625414636985e-15
2.924	6.9398664320316824e-15
2.926	6.9351139613031044e-15
2.928	6.9303679890989215e-15
2.93	6.925628502103261e-15
2.932	6.920895610885018e-15
2.934	6.91616917809895e-15
2.936	6.9114491905385104e-15
2.938	6.9067356350331265e-15
2.94	6.902028498448082e-15
2.942	6.897327888530601e-15
2.944	6.8926336711245365e-15
2.946	6.887945833202618e-15
2.948	6.883264361772943e-15
2.95	6.8785892438788635e-15
2.952	6.873920584526138e-15
2.954	6.8692582526611775e-15
2.956	6.864602235432958e-15
2.958	6.859952520025227e-15
2.96	6.855309093656378e-15
2.962	6.8506720586683635e-15
2.964	6.846041287026298e-15
2.966	6.841416766052424e-15
2.968	6.8367984831031615e-15
2.97	6.832186425569007e-15
2.972	6.827580693203308e-15
2.974	6.822981160908603e-15
2.976	6.818387816177483e-15
2.978	6.813800646536141e-15
2.98	6.809219639544285e-15
2.982	6.804644892439481e-15
2.984	6.800076282982925e-15
2.986	6.795513798834686e-15
2.988	6.790957427687885e-15
2.99	6.786407157268599e-15
2.992	6.781863082369197e-15
2.994	6.777325083533114e-15
2.996	6.772793148585115e-15
2.998	6.7682672653824645e-15
3.	6.763747421814825e-15
3.0020000000000002	6.759233710297712e-15
3.004	6.754726014082764e-15
3.0060000000000002	6.750224321156679e-15
3.008	6.745728619538138e-15
3.0100000000000002	6.741238897277655e-15
3.012	6.736755244480141e-15
3.0140000000000002	6.7322775470335945e-15
3.016	6.727805793083984e-15
3.0180000000000002	6.723339970808703e-15
3.02	6.718880068416478e-15
3.0220000000000002	6.714426173765761e-15
3.024	6.7099781753112906e-15
3.0260000000000002	6.70553606135564e-15
3.028	6.701099820232312e-15
3.0300000000000002	6.6966694403056206e-15
3.032	6.69224500724975e-15
3.0340000000000003	6.68782641201862e-15
3.036	6.683413643068838e-15
3.0380000000000003	6.6790066888874295e-15
3.04	6.6746055379917335e-15
3.0420000000000003	6.6702102739319564e-15
3.044	6.665820790095653e-15
3.0460000000000003	6.661437075090938e-15
3.048	6.6570591175558426e-15
3.0500000000000003	6.652686906158211e-15
3.052	6.6483205223827006e-15
3.0540000000000003	6.643959861986924e-15
3.056	6.639604913728027e-15
3.0580000000000003	6.6352556663925585e-15
3.06	6.6309121087964214e-15
3.0620000000000003	6.6265743204153525e-15
3.064	6.622242199315352e-15
3.0660000000000003	6.617915734400134e-15
3.068	6.613594914602376e-15
3.0700000000000003	6.609279728883595e-15
3.072	6.604970254765546e-15
3.0740000000000003	6.6006663925627344e-15
3.076	6.596368131323085e-15
3.0780000000000003	6.592075460122999e-15
3.08	6.587788368067261e-15
3.0820000000000003	6.583506930776862e-15
3.084	6.5792310507567496e-15
3.0860000000000003	6.5749607171967044e-15
3.088	6.570695919314527e-15
3.0900000000000003	6.5664366463559415e-15
3.092	6.562182972092833e-15
3.094	6.557934801164178e-15
3.096	6.553692122899329e-15
3.098	6.5494549266552004e-15
3.1	6.545223201816187e-15
3.102	6.540997020355124e-15
3.104	6.536776288990303e-15
3.106	6.5325609971883976e-15
3.108	6.5283511344431915e-15
3.11	6.524146690275525e-15
3.112	6.519947734907736e-15
3.114	6.5157541770843136e-15
3.116	6.511566006407035e-15
3.118	6.5073832125043784e-15
3.12	6.5032057850314016e-15
3.122	6.499033792507095e-15
3.124	6.494867145650536e-15
3.126	6.490705834196462e-15
3.128	6.486549847905856e-15
3.13	6.482399176565887e-15
3.132	6.478253887037871e-15
3.134	6.474113891965408e-15
3.136	6.469979181214046e-15
3.138	6.4658497446751826e-15
3.14	6.461725572265986e-15
3.142	6.457606729234433e-15
3.144	6.4534931301e-15
3.146	6.44938476485698e-15
3.148	6.4452816235251056e-15
3.15	6.441183696149467e-15
3.152	6.437091046407748e-15
3.154	6.433003590648046e-15
3.156	6.428921318991356e-15
3.158	6.424844221583713e-15
3.16	6.420772288596111e-15
3.162	6.4167055821776735e-15
3.164	6.412644020459246e-15
3.166	6.408587593686528e-15
3.168	6.404536292129852e-15
3.17	6.400490106084123e-15
3.172	6.396449096210443e-15
3.174	6.392413182377816e-15
3.176	6.388382354954677e-15
3.178	6.384356604333706e-15
3.18	6.380335920931776e-15
3.182	6.376320363961283e-15
3.184	6.372309854986089e-15
3.186	6.368304384495435e-15
3.188	6.364303943002434e-15
3.19	6.360308521044007e-15
3.192	6.356318176422012e-15
3.194	6.3523328323531065e-15
3.196	6.3483524794454405e-15
3.198	6.344377108330682e-15
3.2	6.3404067096639096e-15
3.202	6.336441339873512e-15
3.204	6.332480923788056e-15
3.206	6.328525452132749e-15
3.208	6.324574915655941e-15
3.21	6.320629305129058e-15
3.212	6.316688675642984e-15
3.214	6.312752953598455e-15
3.216	6.308822129835918e-15
3.218	6.3048961952186125e-15
3.22	6.300975140632473e-15
3.222	6.29705901986583e-15
3.224	6.29314776085297e-15
3.226	6.289241354547793e-15
3.228	6.285339791926635e-15
3.23	6.281443063988184e-15
3.232	6.277551223252129e-15
3.234	6.273664199148769e-15
3.236	6.2697819827437075e-15
3.238	6.265904565124635e-15
3.24	6.262031937401238e-15
3.242	6.258164150857516e-15
3.244	6.254301136383298e-15
3.246	6.250442885154163e-15
3.248	6.246589388367433e-15
3.25	6.242740637242101e-15
3.2520000000000002	6.2388966818584595e-15
3.254	6.235057454530398e-15
3.2560000000000002	6.231222946541777e-15
3.258	6.227393149197882e-15
3.2600000000000002	6.22356805382532e-15
3.262	6.219747709331754e-15
3.2640000000000002	6.2159320494206476e-15
3.266	6.2121210654824944e-15
3.2680000000000002	6.208314748928866e-15
3.27	6.204513091192357e-15
3.2720000000000002	6.200716140038189e-15
3.274	6.196923830525852e-15
3.2760000000000002	6.193136154150843e-15
3.278	6.1893531024294144e-15
3.2800000000000002	6.1855746668985216e-15
3.282	6.181800894210267e-15
3.2840000000000003	6.178031720747562e-15
3.286	6.174267138109311e-15
3.2880000000000003	6.170507137914844e-15
3.29	6.166751711803892e-15
3.2920000000000003	6.163000905343936e-15
3.294	6.159254656209597e-15
3.2960000000000003	6.1555129561015906e-15
3.298	6.15177579674079e-15
3.3000000000000003	6.148043169868131e-15
3.302	6.1443151199941645e-15
3.3040000000000003	6.1405915860543556e-15
3.306	6.136872559849716e-15
3.3080000000000003	6.133158033201104e-15
3.31	6.12944799794914e-15
3.3120000000000003	6.125742497574344e-15
3.314	6.1220414722430196e-15
3.3160000000000003	6.118344913854953e-15
3.318	6.114652814329488e-15
3.3200000000000003	6.110965165605427e-15
3.322	6.107282010159407e-15
3.3240000000000003	6.103603289359362e-15
3.326	6.099928995202387e-15
3.3280000000000003	6.096259119704808e-15
3.33	6.092593654902152e-15
3.3320000000000003	6.0889326422925785e-15
3.334	6.085276024417247e-15
3.3360000000000003	6.081623793369094e-15
3.338	6.077975941259996e-15
3.3400000000000003	6.074332460220734e-15
3.342	6.070693390795693e-15
3.3440000000000003	6.0670586766716356e-15
3.346	6.063428310035885e-15
3.3480000000000003	6.05980228309445e-15
3.35	6.056180588071946e-15
3.352	6.052563264583001e-15
3.354	6.048950257433061e-15
3.356	6.045341558902454e-15
3.358	6.041737161289901e-15
3.36	6.038137056912468e-15
3.362	6.0345412844783525e-15
3.364	6.0309497898855276e-15
3.366	6.0273625655059286e-15
3.368	6.023779603729624e-15
3.37	6.0202008969647466e-15
3.372	6.016626483035763e-15
3.374	6.013056308907691e-15
3.376	6.009490367042726e-15
3.378	6.005928649920923e-15
3.38	6.0023711500401415e-15
3.382	5.998817904363183e-15
3.384	5.995268860897306e-15
3.386	5.991724012193632e-15
3.388	5.9881833508208835e-15
3.39	5.984646869365309e-15
3.392	5.981114603949515e-15
3.394	5.977586503598852e-15
3.396	5.9740625609520654e-15
3.398	5.970542768665219e-15
3.4	5.9670271194116864e-15
3.402	5.9635156484947125e-15
3.404	5.960008305934263e-15
3.406	5.9565050844553976e-15
3.408	5.953005976800268e-15
3.41	5.949510975728061e-15
3.412	5.946020115742982e-15
3.414	5.942533347836706e-15
3.416	5.9390506648193674e-15
3.418	5.935572059517926e-15
3.42	5.932097524776143e-15
3.422	5.9286270943189164e-15
3.424	5.925160720087352e-15
3.426	5.921698394975406e-15
3.428	5.918240111893626e-15
3.43	5.9147858637691024e-15
3.432	5.911335683566626e-15
3.434	5.90788952415504e-15
3.436	5.904447378510903e-15
3.438	5.901009239627132e-15
3.44	5.8975751005129394e-15
3.442	5.894144993391686e-15
3.444	5.890718872038817e-15
3.446	5.887296729512301e-15
3.448	5.883878558886224e-15
3.45	5.880464353250732e-15
3.452	5.877054144105929e-15
3.454	5.873647886113277e-15
3.456	5.8702455724109825e-15
3.458	5.8668471961531206e-15
3.46	5.863452750509605e-15
3.462	5.860062266274959e-15
3.464	5.856675698976625e-15
3.466	5.85329304183187e-15
3.468	5.849914288073626e-15
3.47	5.846539430950414e-15
3.472	5.843168500568386e-15
3.474	5.839801453301421e-15
3.476	5.836438282444732e-15
3.478	5.833078981308949e-15
3.48	5.829723543220093e-15
3.482	5.826371997612669e-15
3.484	5.823024301687979e-15
3.486	5.819680448818049e-15
3.488	5.816340432390113e-15
3.49	5.813004245806561e-15
3.492	5.809671917846561e-15
3.494	5.806343406520291e-15
3.496	5.8030187052754975e-15
3.498	5.7996978075749126e-15
3.5	5.79638070689622e-15
3.5020000000000002	5.793067431379093e-15
3.504	5.7897579398245234e-15
3.5060000000000002	5.7864522257549016e-15
3.508	5.783150282707388e-15
3.5100000000000002	5.779852104233879e-15
3.512	5.7765577178499885e-15
3.5140000000000002	5.773267083129925e-15
3.516	5.76998019366966e-15
3.5180000000000002	5.766697043079719e-15
3.52	5.76341762498516e-15
3.5220000000000002	5.7601419662925614e-15
3.524	5.7568700273322e-15
3.5260000000000002	5.753601801772573e-15
3.528	5.750337283296535e-15
3.5300000000000002	5.74707646560128e-15
3.532	5.7438193749989686e-15
3.5340000000000003	5.740565972559218e-15
3.536	5.7373162520220365e-15
3.5380000000000003	5.734070207141592e-15
3.54	5.730827831686177e-15
3.5420000000000003	5.695918103341824e-15
3.544	5.661240556512542e-15
3.5460000000000003	5.6267935172565534e-15
3.548	5.592575324634826e-15
3.5500000000000003	5.5585843306027076e-15
3.552	5.5431202753965114e-15
3.5540000000000003	5.527707909888739e-15
3.556	5.5123470323604385e-15
3.5580000000000003	5.49703744199268e-15
3.56	5.481778938862048e-15
3.5620000000000003	5.469565572832439e-15
3.564	5.457386250867689e-15
3.5660000000000003	5.445240859047282e-15
3.568	5.433129283895523e-15
3.5700000000000003	5.4210514123795056e-15
3.572	5.410546117179324e-15
3.5740000000000003	5.4000670431756905e-15
3.576	5.389614110302142e-15
3.5780000000000003	5.379187238781264e-15
3.58	5.368786349123539e-15
3.5820000000000003	5.35938850260531e-15
3.584	5.350012338674859e-15
3.5860000000000003	5.3406577952485826e-15
3.588	5.3313248104551285e-15
3.5900000000000003	5.322013322634559e-15
3.592	5.313413131324728e-15
3.5940000000000003	5.304831613224732e-15
3.596	5.296268717432774e-15
3.5980000000000003	5.2877243932139935e-15
3.6	5.279198589999861e-15
3.6020000000000003	5.271210924040837e-15
3.604	5.263239767620985e-15
3.606	5.255285077483679e-15
3.608	5.2473468105095364e-15
3.61	5.239424923715914e-15
3.612	5.23192842241685e-15
3.614	5.224446787851104e-15
3.616	5.2169799823327625e-15
3.618	5.2095279682922436e-15
3.62	5.2020907082758135e-15
3.622	5.195000550398853e-15
3.624	5.187923961982407e-15
3.626	5.180860909589467e-15
3.628	5.1738113598837764e-15
3.63	5.166775279629502e-15
3.632	5.160029320256087e-15
3.634	5.153295875134597e-15
3.636	5.146574914182009e-15
3.638	5.139866407404107e-15
3.64	5.133170324895173e-15
3.642	5.126721354319334e-15
3.644	5.120284019600869e-15
3.646	5.113858293376196e-15
3.648	5.107444148361046e-15
3.65	5.101041557350188e-15
3.652	5.094852667214537e-15
3.654	5.088674668036449e-15
3.656	5.082507534705064e-15
3.658	5.076351242181127e-15
3.66	5.070205765496705e-15
3.662	5.064247419842901e-15
3.664	5.058299323776678e-15
3.666	5.052361454086307e-15
3.668	5.0464337876252285e-15
3.67	5.040516301311878e-15
3.672	5.0347644023398204e-15
3.674	5.029022193680005e-15
3.676	5.023289653745256e-15
3.678	5.01756676100821e-15
3.68	5.0118534940010904e-15
3.682	5.006288057774388e-15
3.684	5.000731818910509e-15
3.686	4.995184757229249e-15
3.688	4.9896468526055964e-15
3.69	4.9841180849695616e-15
3.692	4.978722306857729e-15
3.694	4.973335287606932e-15
3.696	4.967957008268408e-15
3.698	4.962587449944615e-15
3.7	4.9572265937890694e-15
3.702	4.951986171730058e-15
3.704	4.946754115346494e-15
3.706	4.9415304067773434e-15
3.708	4.936315028209299e-15
3.71	4.931107961876655e-15
3.712	4.926010595325713e-15
3.714	4.920921239436277e-15
3.716	4.915839877315758e-15
3.718	4.91076649211625e-15
3.72	4.905701067034395e-15
3.722	4.900736078740362e-15
3.724	4.895778778588552e-15
3.726	4.890829150554714e-15
3.728	4.8858871786565674e-15
3.73	4.8809528469536835e-15
3.732	4.876110892553284e-15
3.734	4.871276331697749e-15
3.736	4.866449149146258e-15
3.738	4.861629329697549e-15
3.74	4.856816858189786e-15
3.742	4.821072227938367e-15
3.744	4.785609555808124e-15
3.746	4.750426468838019e-15
3.748	4.7155206152891574e-15
3.75	4.68088966444384e-15
3.7520000000000002	4.664525726312979e-15
3.754	4.648227669701766e-15
3.7560000000000002	4.631995194482314e-15
3.758	4.615828002052768e-15
3.7600000000000002	4.599725795328706e-15
3.762	4.586690244613299e-15
3.7640000000000002	4.573698535291877e-15
3.766	4.560750496738595e-15
3.7680000000000002	4.547845959081751e-15
3.77	4.534984753200109e-15
3.7720000000000002	4.523734566480201e-15
3.774	4.5125182300674655e-15
3.7760000000000002	4.501335624253047e-15
3.778	4.49018662981453e-15
3.7800000000000002	4.479071128013673e-15
3.782	4.4690001288226304e-15
3.7840000000000003	4.458957080241388e-15
3.786	4.4489418899854594e-15
3.7880000000000003	4.4389544661235455e-15
3.79	4.428994717076057e-15
3.7920000000000003	4.41978714487195e-15
3.794	4.41060355447461e-15
3.7960000000000003	4.401443870829023e-15
3.798	4.3923080191544446e-15
3.8000000000000003	4.3831959249432366e-15
3.802	4.3746610921264375e-15
3.8040000000000003	4.366147353462366e-15
3.806	4.357654645766624e-15
3.8080000000000003	4.3491829060771324e-15
3.81	4.340732071653234e-15
3.8120000000000003	4.332743611175111e-15
3.814	4.32477403080787e-15
3.8160000000000003	4.316823276064464e-15
3.818	4.308891292643545e-15
3.8200000000000003	4.3009780264287055e-15
3.822	4.293446644866533e-15
3.8240000000000003	4.285932381094122e-15
3.826	4.2784351872827886e-15
3.8280000000000003	4.270955015762378e-15
3.83	4.2634918190206756e-15
3.8320000000000003	4.256351378397565e-15
3.834	4.249226612908225e-15
3.8360000000000003	4.2421174799916405e-15
3.838	4.235023937224464e-15
3.8400000000000003	4.227945942320492e-15
3.842	4.221145659493464e-15
3.8440000000000003	4.214359844844515e-15
3.846	4.207588460087708e-15
3.8480000000000003	4.200831467058251e-15
3.85	4.194088827712069e-15
3.8520000000000003	4.1875885859603105e-15
3.854	4.181101784939535e-15
3.8560000000000003	4.174628389904638e-15
3.858	4.1681683662182856e-15
3.86	4.1617216793505314e-15
3.862	4.1554890519586456e-15
3.864	4.149268978186698e-15
3.866	4.143061426271352e-15
3.868	4.136866364546008e-15
3.87	4.13068376144047e-15
3.872	4.124692036904053e-15
3.874	4.118712090978621e-15
3.876	4.112743894446691e-15
3.878	4.106787418178282e-15
3.88	4.100842633130597e-15
3.882	4.095069456400272e-15
3.884	4.089307374451918e-15
3.886	4.083556360267184e-15
3.888	4.0778163869073705e-15
3.89	4.072087427513144e-15
3.892	4.0665138361440944e-15
3.894	4.060950731036574e-15
3.896	4.055398087090858e-15
3.898	4.049855879280144e-15
3.9	4.044324082650309e-15
3.902	4.0389338050944594e-15
3.904	4.033553468304618e-15
3.906	4.028183048869467e-15
3.908	4.022822523444772e-15
3.91	4.017471868753154e-15
3.912	4.012250801936793e-15
3.914	4.007039183742705e-15
3.916	4.001836992256597e-15
3.918	3.996644205626159e-15
3.92	3.991460802060853e-15
3.922	3.98639661478814e-15
3.924	3.981341429612147e-15
3.926	3.976295225954746e-15
3.928	3.971257983295313e-15
3.93	3.966229681170515e-15
3.932	3.961311507850419e-15
3.934	3.9564019294537515e-15
3.936	3.951500926602047e-15
3.938	3.946608479970352e-15
3.94	3.941724570287028e-15
3.942	3.936942770802187e-15
3.944	3.9321691932826596e-15
3.946	3.927403819432754e-15
3.948	3.9226466310067346e-15
3.95	3.917897609808654e-15
3.952	3.9132435786829034e-15
3.954	3.908597426523213e-15
3.956	3.903959136015827e-15
3.958	3.89932868989374e-15
3.96	3.89470607093659e-15
3.962	3.890172083832948e-15
3.964	3.885645659094898e-15
3.966	3.881126780302975e-15
3.968	3.87661543108162e-15
3.97	3.872111595099033e-15
3.972	3.8676906839906235e-15
3.974	3.863277042042799e-15
3.976	3.858870653653775e-15
3.978	3.854471503263072e-15
3.98	3.850079575351398e-15
3.982	3.845765426000844e-15
3.984	3.841458273448007e-15
3.986	3.837158102841386e-15
3.988	3.832864899368448e-15
3.99	3.8285786482554805e-15
3.992	3.8243655152552165e-15
3.994	3.82015912534578e-15
3.996	3.8159594643664026e-15
3.998	3.811766518193098e-15
4.	3.807580272738588e-15
4.002	3.803462908523113e-15
4.004	3.799352050463689e-15
4.006	3.7952476850373154e-15
4.008	3.791149798755845e-15
4.01	3.787058378165851e-15
4.012	3.783031973249699e-15
4.014	3.779011852693842e-15
4.016	3.774998003565841e-15
4.018	3.770990412966282e-15
4.02	3.766989068028699e-15
4.021999999999999	3.763049200345031e-15
4.024	3.759115408941527e-15
4.026	3.755187681433989e-15
4.028	3.751266005469571e-15
4.029999999999999	3.7473503687267244e-15
4.032	3.743492960405137e-15
4.034	3.739641432752313e-15
4.036	3.735795773894204e-15
4.037999999999999	3.731955971986613e-15
4.04	3.728122015215088e-15
4.042	3.7243432954873925e-15
4.044	3.720570272188339e-15
4.045999999999999	3.7168029339196915e-15
4.048	3.713041269311635e-15
4.05	3.709285267022704e-15
4.052	3.705581740212482e-15
4.053999999999999	3.701883735992004e-15
4.056	3.698191243407726e-15
4.058	3.694504251533216e-15
4.06	3.690822749469068e-15
4.061999999999999	3.687191167226783e-15
4.064	3.683564943275608e-15
4.066	3.679944067078428e-15
4.068	3.676328528124012e-15
4.069999999999999	3.672718315926946e-15
4.072	3.669155653032506e-15
4.074	3.665598192903797e-15
4.076	3.6620459253943685e-15
4.077999999999999	3.658498840382531e-15
4.08	3.654956927771273e-15
4.082	3.65146036095156e-15
4.084	3.6479688494596865e-15
4.085999999999999	3.644482383516362e-15
4.088	3.6410009533659894e-15
4.09	3.637524549276597e-15
4.092	3.634091438584765e-15
4.093999999999999	3.6306632432552715e-15
4.096	3.6272399538544305e-15
4.098	3.623821560971277e-15
4.1	3.62040805521746e-15
4.101999999999999	3.6170359276000895e-15
4.104	3.613668582298438e-15
4.106	3.610306010204675e-15
4.108	3.6069482022327236e-15
4.109999999999999	3.603595149318233e-15
4.112	3.600281684059751e-15
4.114	3.59697287448977e-15
4.116	3.593668711808102e-15
4.117999999999999	3.590369187235446e-15
4.119999999999999	3.58707429201335e-15
4.122	3.583817307798578e-15
4.124	3.580564858612461e-15
4.1259999999999994	3.577316935945679e-15
4.127999999999999	3.574073531308982e-15
4.13	3.570834636233153e-15
4.132	3.567632079610432e-15
4.1339999999999995	3.5644339429137606e-15
4.135999999999999	3.561240217909189e-15
4.138	3.558050896382073e-15
4.14	3.554865970137033e-15
4.1419999999999995	3.551715905198485e-15
4.143999999999999	3.548570150267594e-15
4.146	3.545428697371423e-15
4.148	3.542291538555641e-15
4.1499999999999995	3.5391586658844337e-15
4.151999999999999	3.5360592650079863e-15
4.154	3.5329640690648983e-15
4.156	3.5298730703299653e-15
4.1579999999999995	3.526786261095878e-15
4.159999999999999	3.5237036336731854e-15
4.162	3.5206531691940476e-15
4.164	3.5176068091073185e-15
4.1659999999999995	3.514564545923152e-15
4.167999999999999	3.511526372168962e-15
4.17	3.5084922803893596e-15
4.172	3.5054891170879798e-15
4.1739999999999995	3.5024899618868435e-15
4.175999999999999	3.499494807519971e-15
4.178	3.496503646738019e-15
4.18	3.4935164723082574e-15
4.1819999999999995	3.4905590606177505e-15
4.183999999999999	3.4876055647230324e-15
4.186	3.4846559775712677e-15
4.188	3.4817102921256897e-15
4.1899999999999995	3.4787685013655445e-15
4.191999999999999	3.4758553712151385e-15
4.194	3.472946068303773e-15
4.196	3.4700405857817515e-15
4.1979999999999995	3.4671389168149027e-15
4.199999999999999	3.464241054584517e-15
4.202	3.461370809806798e-15
4.204	3.45850430723804e-15
4.2059999999999995	3.4556415402223385e-15
4.207999999999999	3.4527825021187944e-15
4.21	3.4499271863014538e-15
4.212	3.4470984995408327e-15
4.2139999999999995	3.444273473281841e-15
4.215999999999999	3.441452101053623e-15
4.218	3.438634376399824e-15
4.22	3.4358202928785434e-15
4.2219999999999995	3.4330319009464782e-15
4.223999999999999	3.4302470909430286e-15
4.226	3.4274658565741747e-15
4.228	3.4246881915599353e-15
4.2299999999999995	3.421914089634312e-15
4.231999999999999	3.4191647892637637e-15
4.234	3.4164189952087036e-15
4.236	3.413676701344266e-15
4.2379999999999995	3.4109379015591597e-15
4.239999999999999	3.408202589755642e-15
4.242	3.4054912337131306e-15
4.244	3.4027833111711968e-15
4.2459999999999996	3.4000788161668807e-15
4.247999999999999	3.3973777427503793e-15
4.25	3.394680084985017e-15
4.252	3.392005578503762e-15
4.254	3.389334435356274e-15
4.255999999999999	3.3866666497347022e-15
4.258	3.384002215843954e-15
4.26	3.3813411279016545e-15
4.262	3.378702425403623e-15
4.263999999999999	3.3760670185811005e-15
4.266	3.3734349017749473e-15
4.268	3.3708060693383934e-15
4.27	3.3681805156369982e-15
4.271999999999999	3.365576617715474e-15
4.274	3.3629759501898544e-15
4.276	3.360378507543673e-15
4.278	3.3577842842724544e-15
4.279999999999999	3.3551932748836925e-15
4.282	3.3526232255212807e-15
4.284	3.350056343532728e-15
4.286	3.3474926235385348e-15
4.287999999999999	3.344932060170851e-15
4.29	3.3423746480734304e-15
4.292	3.3398375320731733e-15
4.294	3.3373035225692606e-15
4.295999999999999	3.3347726143137907e-15
4.298	3.3322448020701613e-15
4.3	3.329720080613051e-15
4.302	3.327215021222868e-15
4.303999999999999	3.324713009490448e-15
4.306	3.3222140402943915e-15
4.308	3.319718108524284e-15
4.31	3.3172252090806557e-15
4.311999999999999	3.3147513657934712e-15
4.314	3.312280513265601e-15
4.316	3.3098126464973364e-15
4.318	3.307347760499639e-15
4.319999999999999	3.3048858502941074e-15
4.322	3.302442416807884e-15
4.324	3.3000019190301322e-15
4.326	3.297564352078264e-15
4.327999999999999	3.295129711080075e-15
4.33	3.292697991173697e-15
4.332	3.2902841934973027e-15
4.334	3.2878732782393774e-15
4.335999999999999	3.285465240630141e-15
4.338	3.2830600759098983e-15
4.34	3.2806577793290264e-15
4.342	3.2782728740212494e-15
4.343999999999999	3.2758907995213617e-15
4.346	3.273511551168281e-15
4.348	3.2711351243107472e-15
4.35	3.2687615143072803e-15
4.351999999999999	3.2664047868376885e-15
4.354	3.2640508401683233e-15
4.356	3.2616996697429148e-15
4.358	3.259351271014734e-15
4.359999999999999	3.257005639446591e-15
4.362	3.2546764026679668e-15
4.364	3.252349898212895e-15
4.366	3.2500261216261945e-15
4.367999999999999	3.2477050684619955e-15
4.37	3.245386734283699e-15
4.372	3.243084327006884e-15
4.374	3.240784605040198e-15
4.3759999999999994	3.2384875640260443e-15
4.377999999999999	3.2361931996158847e-15
4.38	3.233901507470218e-15
4.382	3.2316252931329907e-15
4.3839999999999995	3.229351718491926e-15
4.385999999999999	3.227080779283655e-15
4.388	3.2248124712536317e-15
4.39	3.222546790156122e-15
4.3919999999999995	3.2202961555786332e-15
4.393999999999999	3.2180481164226292e-15
4.396	3.215802668515773e-15
4.398	3.213559807694334e-15
4.3999999999999995	3.211319529803162e-15
4.401999999999999	3.2090938840230777e-15
4.404	3.2068707906722955e-15
4.406	3.2046502456664838e-15
4.4079999999999995	3.2024322449296792e-15
4.409999999999999	3.2002167843942924e-15
4.412	3.198015557575453e-15
4.414	3.195816841422604e-15
4.4159999999999995	3.193620631936496e-15
4.417999999999999	3.1914269251260553e-15
4.42	3.1892357170083646e-15
4.422	3.1870583594173624e-15
4.4239999999999995	3.18488347190719e-15
4.425999999999999	3.1827110505609174e-15
4.428	3.1805410914695867e-15
4.43	3.1783735907322055e-15
4.4319999999999995	3.176219571777732e-15
4.433999999999999	3.174067983449102e-15
4.436	3.1719188219090587e-15
4.438	3.1697720833281342e-15
4.4399999999999995	3.167627763884615e-15
4.441999999999999	3.1654965712149133e-15
4.444	3.1633677708008247e-15
4.446	3.161241358882237e-15
4.4479999999999995	3.159117331706642e-15
4.449999999999999	3.1569956855291054e-15
4.452	3.154886824183292e-15
4.454	3.1527803177645676e-15
4.4559999999999995	3.1506761625875593e-15
4.457999999999999	3.148574354974303e-15
4.46	3.1464748912542403e-15
4.462	3.1443878828635716e-15
4.4639999999999995	3.142303193072374e-15
4.465999999999999	3.140220818267691e-15
4.468	3.1381407548438083e-15
4.47	3.136062999202239e-15
4.4719999999999995	3.1339973812377832e-15
4.473999999999999	3.1319340465073602e-15
4.476	3.1298729914682196e-15
4.478	3.1278142125846865e-15
4.4799999999999995	3.125757706328141e-15
4.481999999999999	3.1237130313915805e-15
4.484	3.121670605249028e-15
4.486	3.11963042442582e-15
4.4879999999999995	3.1175924854542007e-15
4.489999999999999	3.1155567848733167e-15
4.492	3.113532620027891e-15
4.494	3.1115106704269262e-15
4.4959999999999996	3.1094909326618094e-15
4.497999999999999	3.107473403330689e-15
4.5	3.1054580790384524e-15
4.502	3.103454005177277e-15
4.504	3.101452113868282e-15
4.505999999999999	3.099452401766964e-15
4.508	3.09745486553542e-15
4.51	3.0954595018423492e-15
4.512	3.0934751130916082e-15
4.513999999999999	3.091492875026435e-15
4.516	3.0895127843645677e-15
4.518	3.087534837830199e-15
4.52	3.085559032153966e-15
4.521999999999999	3.083593935308611e-15
4.524	3.0816309580778116e-15
4.526	3.079670097239744e-15
4.528	3.0777113495789102e-15
4.529999999999999	3.075754711886108e-15
4.532	3.0738085258759665e-15
4.534	3.0718644291763142e-15
4.536	3.0699224186240483e-15
4.537999999999999	3.067982491062255e-15
4.54	3.0660446433401857e-15
4.542	3.0641169987244525e-15
4.544	3.0621914138547817e-15
4.545999999999999	3.060267885625147e-15
4.548	3.058346410935566e-15
4.55	3.056426986692097e-15
4.552	3.0545175251804017e-15
4.553999999999999	3.0526100945639557e-15
4.556	3.050704691792215e-15
4.558	3.0488013138205507e-15
4.56	3.04689995761024e-15
4.561999999999999	3.045008331608604e-15
4.564	3.04311870834018e-15
4.566	3.0412310848083775e-15
4.568	3.039345458022392e-15
4.569999999999999	3.037461824997202e-15
4.572	3.0355876971773114e-15
4.574	3.0337155445936644e-15
4.576	3.0318453643021435e-15
4.577999999999999	3.029977153364308e-15
4.58	3.0281109088473733e-15
4.582	3.0262539517377335e-15
4.584	3.0243989430097806e-15
4.585999999999999	3.0225458797704653e-15
4.588	3.0206947591322906e-15
4.59	3.018845578213307e-15
4.592	3.017005473810906e-15
4.593999999999999	3.0151672915564124e-15
4.596	3.013331028606482e-15
4.598	3.0114966821232064e-15
4.6	3.0096642492741073e-15
4.601999999999999	3.0078406886753746e-15
4.604	3.0060190245908577e-15
4.606	3.0041992542256036e-15
4.608	3.002381374789984e-15
4.609999999999999	3.0005653834996897e-15
4.612	2.9987580665495754e-15
4.614	2.996952621060289e-15
4.616	2.995149044283992e-15
4.617999999999999	2.99334733347808e-15
4.62	2.9915474859051563e-15
4.622	2.9897561208632633e-15
4.624	2.9879666027901605e-15
4.6259999999999994	2.98617892898392e-15
4.628	2.984393096747739e-15
4.63	2.982609103389911e-15
4.632	2.980833406612665e-15
4.6339999999999995	2.9790595328553976e-15
4.635999999999999	2.977287479460912e-15
4.638	2.97551724377703e-15
4.64	2.9737488231565812e-15
4.6419999999999995	2.971988518794519e-15
4.643999999999999	2.9702300140294796e-15
4.646	2.968473306247862e-15
4.648	2.9667183928409864e-15
4.6499999999999995	2.9649652712050803e-15
4.651999999999999	2.9632200909143916e-15
4.654	2.9614766873069775e-15
4.656	2.9597350578117404e-15
4.6579999999999995	2.957995199862407e-15
4.659999999999999	2.9562571108975117e-15
4.662	2.9545267935650085e-15
4.664	2.9527982304952837e-15
4.6659999999999995	2.9510714191586844e-15
4.667999999999999	2.9493463570302917e-15
4.67	2.9476230415898957e-15
4.672	2.9459073330706646e-15
4.6739999999999995	2.9441933568716624e-15
4.675999999999999	2.9424811105036595e-15
4.678	2.940770591482065e-15
4.68	2.9390617973269233e-15
4.6819999999999995	2.937360450193956e-15
4.683999999999999	2.9356608139019256e-15
4.686	2.933962886001039e-15
4.688	2.932266664046058e-15
4.6899999999999995	2.9305721455962844e-15
4.691999999999999	2.928884918901419e-15
4.694	2.9271993820173564e-15
4.696	2.9255155325327905e-15
4.6979999999999995	2.9238333680408815e-15
4.699999999999999	2.9221528861392424e-15
4.702	2.9204795451848042e-15
4.704	2.918807873446653e-15
4.7059999999999995	2.9171378685510466e-15
4.707999999999999	2.9154695281286303e-15
4.71	2.9138028498144138e-15
4.712	2.9121431659349657e-15
4.7139999999999995	2.910485131099903e-15
4.715999999999999	2.908828742972161e-15
4.718	2.9071739992189685e-15
4.72	2.9055208975118563e-15
4.7219999999999995	2.9038746478655443e-15
4.723999999999999	2.9022300275018308e-15
4.726	2.900587034119457e-15
4.728	2.8989456654213948e-15
4.7299999999999995	2.897305919114818e-15
4.731999999999999	2.895672886483773e-15
4.734	2.8940414637716317e-15
4.736	2.892411648712117e-15
4.7379999999999995	2.8907834390430938e-15
4.739999999999999	2.8891568325065676e-15
4.742	2.8875368051059083e-15
4.744	2.8859183686469963e-15
4.7459999999999996	2.8843015208977202e-15
4.747999999999999	2.8826862596300438e-15
4.75	2.881072582619989e-15
4.752	2.8794653539149797e-15
4.754	2.8778596975499675e-15
4.755999999999999	2.876255611326236e-15
4.758	2.87465309304906e-15
4.76	2.873052140527709e-15
4.762	2.8714575090586246e-15
4.763999999999999	2.8698644316925007e-15
4.766	2.8682729062632493e-15
4.768	2.8666829306087093e-15
4.77	2.865094502570639e-15
4.771999999999999	2.8635122717849917e-15
4.774	2.86193157721967e-15
4.776	2.860352416740482e-15
4.778	2.858774788217099e-15
4.779999999999999	2.8571986895230348e-15
4.782	2.8556286676147486e-15
4.784	2.854060164388627e-15
4.786	2.852493177741667e-15
4.787999999999999	2.8509277055746587e-15
4.79	2.849363745792172e-15
4.792	2.8478057455473784e-15
4.794	2.8462492467814978e-15
4.795999999999999	2.844694247422033e-15
4.798	2.8431407454001995e-15
4.8	2.841588738650939e-15
4.802	2.8400425773000583e-15
4.803999999999999	2.8384979005505372e-15
4.806	2.836954706359705e-15
4.808	2.8354129926885487e-15
4.81	2.8338727575017094e-15
4.811999999999999	2.832338256577517e-15
4.814	2.830805223693933e-15
4.816	2.8292736568374768e-15
4.818	2.827743553998251e-15
4.819999999999999	2.8262149131699517e-15
4.822	2.824691898371321e-15
4.824	2.8231703353607915e-15
4.826	2.821650222153429e-15
4.827999999999999	2.8201315567678314e-15
4.83	2.8186143372261283e-15
4.832	2.817102638287201e-15
4.834	2.8155923751838303e-15
4.835999999999999	2.814083545959027e-15
4.838	2.812576148659274e-15
4.84	2.811070181334527e-15
4.842	2.8095696318990245e-15
4.843999999999999	2.808070502638524e-15
4.846	2.8065727916233882e-15
4.848	2.8050764969273947e-15
4.85	2.8035816166277326e-15
4.851999999999999	2.802092054128183e-15
4.854	2.8006038964273656e-15
4.856	2.799117141622424e-15
4.858	2.797631787813854e-15
4.859999999999999	2.796147833105507e-15
4.862	2.7946690986471456e-15
4.864	2.793191753888102e-15
4.866	2.791715796951734e-15
4.867999999999999	2.7902412259647003e-15
4.87	2.788768039056961e-15
4.872	2.7872999773061033e-15
4.874	2.7858332904248114e-15
4.8759999999999994	2.7843679765621176e-15
4.878	2.7829040338703066e-15
4.88	2.7814414605049075e-15
4.882	2.7799839195815566e-15
4.8839999999999995	2.7785277389607466e-15
4.885999999999999	2.7770729168166593e-15
4.888	2.7756194513266767e-15
4.89	2.774167340671369e-15
4.8919999999999995	2.7727201720458995e-15
4.893999999999999	2.771274349411964e-15
4.896	2.7698298709683835e-15
4.898	2.768386734917125e-15
4.8999999999999995	2.7669449394632916e-15
4.901999999999999	2.765507997856996e-15
4.904	2.7640723881807644e-15
4.906	2.7626381086575573e-15
4.9079999999999995	2.7612051575134314e-15
4.909999999999999	2.7597735329775255e-15
4.912	2.7583466762668654e-15
4.914	2.7569211376680665e-15
4.9159999999999995	2.7554969154277425e-15
4.917999999999999	2.754074007795558e-15
4.92	2.752652413024206e-15
4.922	2.7512355021485965e-15
4.9239999999999995	2.7498198958038455e-15
4.925999999999999	2.748405592259754e-15
4.928	2.7469925897891186e-15
4.93	2.745580886667727e-15
4.9319999999999995	2.744173785540694e-15
4.933999999999999	2.742767975594853e-15
4.936	2.7413634551227316e-15
4.938	2.7399602224198068e-15
4.9399999999999995	2.7385582757844997e-15
4.941999999999999	2.7371608512080686e-15
4.944	2.735764704688824e-15
4.946	2.7343698345415716e-15
4.9479999999999995	2.7329762390840248e-15
4.949999999999999	2.7315839166367903e-15
4.952	2.730196038218964e-15
4.954	2.7288094249544756e-15
4.9559999999999995	2.7274240751799835e-15
4.957999999999999	2.7260399872350023e-15
4.96	2.724657159461897e-15
4.962	2.723278699537075e-15
4.9639999999999995	2.721901492076591e-15
4.965999999999999	2.7205255354385255e-15
4.968	2.719150827983774e-15
4.97	2.7177773680760415e-15
4.9719999999999995	2.716408201628283e-15
4.973999999999999	2.715040275165548e-15
4.976	2.713673587066931e-15
4.978	2.7123081357143025e-15
4.9799999999999995	2.710943919492295e-15
4.981999999999999	2.7095839240812723e-15
4.984	2.7082251563806524e-15
4.986	2.7068676147901553e-15
4.9879999999999995	2.705511297712216e-15
4.989999999999999	2.7041562035519973e-15
4.992	2.7028052592415405e-15
4.994	2.7014555305667354e-15
4.9959999999999996	2.7001070159475203e-15
4.997999999999999	2.698759713806519e-15
5.	2.697413622569035e-15
5.002	2.6960716118581727e-15
5.004	2.6947308049033813e-15
5.005999999999999	2.693391200144445e-15
5.008	2.692052796023793e-15
5.01	2.690715590986497e-15
5.012	2.6893823987428585e-15
5.013999999999999	2.6880503985663387e-15
5.016	2.686719588916201e-15
5.018	2.685389968254311e-15
5.02	2.684061535045134e-15
5.021999999999999	2.6827370484406378e-15
5.024	2.681413742400534e-15
5.026	2.680091615403205e-15
5.028	2.6787706659295896e-15
5.029999999999999	2.677450892463193e-15
5.032	2.67613500091192e-15
5.034	2.6748202786042695e-15
5.036	2.673506724037383e-15
5.037999999999999	2.6721943357109287e-15
5.04	2.6708831121271e-15
5.042	2.6695757072252676e-15
5.044	2.6682694604240924e-15
5.045999999999999	2.6669643702391383e-15
5.048	2.6656604351884588e-15
5.05	2.6643576537925934e-15
5.052	2.663058629260532e-15
5.053999999999999	2.6617607518599506e-15
5.056	2.6604640201244995e-15
5.058	2.6591684325902868e-15
5.06	2.6578739877958635e-15
5.061999999999999	2.6565832394219315e-15
5.064	2.655293627380186e-15
5.066	2.6540051502220407e-15
5.068	2.6527178065013284e-15
5.069999999999999	2.651431594774293e-15
5.072	2.6501490203606416e-15
5.074	2.648867571645978e-15
5.076	2.6475872471991645e-15
5.077999999999999	2.6463080455914403e-15
5.08	2.6450299653964254e-15
5.082	2.643755464706542e-15
5.084	2.64248207924487e-15
5.085999999999999	2.6412098075974005e-15
5.088	2.6399386483524805e-15
5.09	2.6386686001007957e-15
5.092	2.637402074808762e-15
5.093999999999999	2.636136654433006e-15
5.096	2.634872337576359e-15
5.098	2.633609122843961e-15
5.1	2.6323470088432653e-15
5.101999999999999	2.6310883624846474e-15
5.104	2.6298308108857593e-15
5.106	2.628574352665964e-15
5.108	2.6273189864469106e-15
5.109999999999999	2.6260647108525222e-15
5.112	2.624813848776857e-15
5.114	2.6235640714563797e-15
5.116	2.6223153775267045e-15
5.117999999999999	2.6210677656256967e-15
5.12	2.6198212343934644e-15
5.122	2.6185780637182458e-15
5.124	2.617335967942409e-15
5.1259999999999994	2.6160949457175378e-15
5.128	2.6148549956974317e-15
5.13	2.613616116538109e-15