0.02	0.05789042582703718
0.022	0.052591811427905595
0.024	0.04818419192428849
0.026000000000000002	0.04445979270439993
0.028	0.0412708956963439
0.03	0.0385095701451893
0.032	0.03609510402545641
0.034	0.03396592231095131
0.036000000000000004	0.03207422641308801
0.038000000000000006	0.0303823416494732
0.04	0.028860169285288798
0.041999999999999996	0.02748337183139267
0.044	0.026232056501080448
0.046	0.025089804156462215
0.048	0.02404294233687752
0.05	0.023079993629070084
0.052000000000000005	0.022191251919500714
0.054000000000000006	0.021368453210807912
0.05600000000000001	0.02060451725361585
0.057999999999999996	0.019893342828036772
0.06	0.019229644107350435
0.062	0.01860881879319654
0.064	0.018026841048417414
0.066	0.017480173950535072
0.068	0.016965697434779898
0.07	0.016480648619965944
0.07200000000000001	0.01602257210299576
0.074	0.015589278331274917
0.076	0.015178808561446913
0.078	0.014789405219615328
0.08	0.014419486715765893
0.082	0.014067625950366638
0.084	0.013732531896591583
0.08600000000000001	0.013413033756561993
0.08800000000000001	0.013108067281382805
0.09000000000000001	0.0128166629178195
0.09200000000000001	0.012537935503203082
0.094	0.012271075277622846
0.096	0.012015340021020763
0.098	0.011770048154261536
0.1	0.011534572669039928
0.10200000000000001	0.011308335772716283
0.10400000000000001	0.011090804151720443
0.10600000000000001	0.01088148477172873
0.108	0.01067992114495246
0.11	0.010485690005021616
0.112	0.010298398338460068
0.114	0.01011768072891537
0.116	0.009943196976359502
0.11800000000000001	0.009774629958605695
0.12000000000000001	0.009611683706844945
0.12200000000000001	0.009454081670620739
0.12400000000000001	0.009301565150835264
0.126	0.00915389188210136
0.128	0.009010834748092273
0.13	0.008872180615555244
0.132	0.008737729274393681
0.134	0.00860729247272807
0.136	0.008480693037151358
0.138	0.008357764069529946
0.13999999999999999	0.008238348212690521
0.142	0.00812229697819679
0.144	0.00800947013017571
0.146	0.007899735119815319
0.148	0.0077929665657380295
0.15	0.007689045775965131
0.152	0.007587860307639628
0.154	0.007489303561072856
0.156	0.0073932744050329525
0.158	0.007299676830505398
0.16	0.007208419630433084
0.162	0.0071194161031896365
0.164	0.007032583777758995
0.16599999999999998	0.006947844158789727
0.16799999999999998	0.006865122489867082
0.16999999999999998	0.006784347533501843
0.172	0.006705451366474662
0.174	0.0066283691892999146
0.176	0.006553039148685362
0.178	0.006479402171965168
0.18	0.006407401812574543
0.182	0.006336984105716368
0.184	0.006268097433444027
0.186	0.006200692398451414
0.188	0.0061347217059214915
0.19	0.006070140052839364
0.192	0.006006904024225428
0.194	0.005944971995789017
0.19599999999999998	0.00588430404254378
0.19799999999999998	0.005824861852963106
0.19999999999999998	0.0057666086482877155
0.20199999999999999	0.0057095091066281375
0.204	0.005653529291533014
0.206	0.005598636584719527
0.208	0.005544799622685826
0.21	0.00549198823694649
0.212	0.0002277786811174676
0.214	0.00003156631337269552
0.216	0.000013949592785263052
0.218	8.298773782625926e-6
0.22	5.6749647357687726e-6
0.222	4.208540847927187e-6
0.224	3.291288912433314e-6
0.226	2.672270658454333e-6
0.228	2.2309911970390927e-6
0.22999999999999998	1.9031094846308063e-6
0.23199999999999998	1.6514514731502177e-6
0.23399999999999999	1.4531889263724052e-6
0.236	1.2936044876786954e-6
0.238	1.162825181526098e-6
0.24	1.0540049071814655e-6
0.242	9.622615954802963e-7
0.244	8.84029130006768e-7
0.246	8.166478154115703e-7
0.248	7.580974843349575e-7
0.25	7.068188179041718e-7
0.252	6.615908542911781e-7
0.254	6.214452308641117e-7
0.256	5.856050042930325e-7
0.258	5.534402602795435e-7
0.26	5.24435409042832e-7
0.262	4.981647531463377e-7
0.264	4.742740022821092e-7
0.266	4.524661239741578e-7
0.268	4.3249039674293174e-7
0.27	4.1413385691372904e-7
0.272	3.97214554329435e-7
0.274	3.8157618909197687e-7
0.276	3.6708381271317203e-7
0.278	3.536203569283028e-7
0.28	3.4108381141961323e-7
0.28200000000000003	1.3708131263602833e-7
0.28400000000000003	1.094076765148154e-7
0.28600000000000003	9.706958026928993e-8
0.28800000000000003	8.394635555720662e-8
0.29000000000000004	7.739455203792367e-8
0.29200000000000004	7.14859125425618e-8
0.29400000000000004	6.504532977651522e-8
0.29600000000000004	6.181672066956666e-8
0.29800000000000004	5.823346143717076e-8
0.30000000000000004	5.459422212489789e-8
0.30200000000000005	5.1986815689654025e-8
0.30400000000000005	4.976409881895988e-8
0.30600000000000005	4.754401296436834e-8
0.30800000000000005	4.543037760480078e-8
0.31	4.349677604047729e-8
0.312	4.1750726313714785e-8
0.314	4.037422462974026e-8
0.316	3.9085716075399973e-8
0.318	3.774666209755082e-8
0.32	3.634242894762749e-8
0.322	3.503905437146552e-8
0.324	3.3826055893172025e-8
0.326	3.2962870766579005e-8
0.328	3.2241202507263424e-8
0.33	3.155058122268977e-8
0.332	3.088904985258161e-8
0.334	2.991105505984947e-8
0.336	2.897503513242168e-8
0.338	2.8095931246591997e-8
0.34	2.7284252478490502e-8
0.342	2.6744897779225064e-8
0.34400000000000003	2.6226556346258927e-8
0.34600000000000003	2.5728025221245282e-8
0.34800000000000003	2.5225047693163315e-8
0.35000000000000003	2.4557895817455404e-8
0.35200000000000004	2.392521444260304e-8
0.35400000000000004	2.3324400160063524e-8
0.35600000000000004	2.2753105198343527e-8
0.35800000000000004	2.2302691574281528e-8
0.36000000000000004	2.193258126294781e-8
0.36200000000000004	2.1574630391543188e-8
0.36400000000000005	2.122824978777773e-8
0.36600000000000005	2.0892887682456372e-8
0.36800000000000005	2.0431040790805195e-8
0.37000000000000005	1.9986146246223056e-8
0.372	1.9560277852725356e-8
0.374	1.915224075086676e-8
0.376	1.8760938048192517e-8
0.378	1.84402211593722e-8
0.38	1.814823865589871e-8
0.382	1.7865411561521898e-8
0.384	1.7591315855572892e-8
0.386	1.7314794483269232e-8
0.388	1.6974694650831847e-8
0.39	1.664774373436735e-8
0.392	1.633319353903916e-8
0.394	1.6030351564989198e-8
0.396	1.573857592049892e-8
0.398	1.5482394964267283e-8
0.4	1.5276809936025283e-8
0.402	1.5076649841635694e-8
0.404	1.4881702601506662e-8
0.406	1.4691767041220321e-8
0.40800000000000003	1.4480192574355902e-8
0.41000000000000003	1.4190664945257707e-8
0.41200000000000003	1.3912518919220996e-8
0.41400000000000003	1.3645096147087134e-8
0.41600000000000004	1.3387788089956893e-8
0.41800000000000004	1.3140031396184532e-8
0.42000000000000004	1.2938392173620607e-8
0.42200000000000004	1.2794675003339342e-8
0.42400000000000004	1.265413989450423e-8
0.42600000000000005	1.2516682178271092e-8
0.42800000000000005	1.2382201724506732e-8
0.43000000000000005	1.2250602698603452e-8
0.43200000000000005	1.2080251707235973e-8
0.43400000000000005	1.1899391998094426e-8
0.43600000000000005	1.1723887999861671e-8
0.438	1.155350515666323e-8
0.44	1.1388022411343496e-8
0.442	1.1227231248284831e-8
0.444	1.1070934816528797e-8
0.446	1.0923376796875738e-8
0.448	1.080079496792723e-8
0.45	1.068094968813891e-8
0.452	1.0563750218391482e-8
0.454	1.0449109787217156e-8
0.456	1.033694537634571e-8
0.458	1.0209080145375282e-8
0.46	1.0059461456231203e-8
0.462	9.914177932557864e-9
0.464	9.773043751654344e-9
0.466	9.635883561529185e-9
0.468	9.502531753679198e-9
0.47000000000000003	9.372831795644863e-9
0.47200000000000003	9.258473810279492e-9
0.47400000000000003	9.17473592936314e-9
0.47600000000000003	9.092509576223418e-9
0.47800000000000004	9.01175410987868e-9
0.48000000000000004	8.93243033368794e-9
0.48200000000000004	8.854500431772881e-9
0.48400000000000004	8.777927908767634e-9
0.48600000000000004	8.670379405133087e-9
0.48800000000000004	8.56206116064041e-9
0.49000000000000005	8.456424415030243e-9
0.49200000000000005	8.353370744381371e-9
0.49400000000000005	8.252806483771432e-9
0.49600000000000005	8.154642443088109e-9
0.49800000000000005	8.058793642964e-9
0.5	7.965179069192104e-9
0.502	7.885493606017823e-9
0.504	7.824052502972465e-9
0.506	7.76356813195954e-9
0.508	7.704018264688042e-9
0.51	7.645381356532361e-9
0.512	7.587636520453205e-9
0.514	7.53076350210281e-9
0.516	7.454840635152317e-9
0.518	7.368442221305482e-9
0.52	7.284029044580826e-9
0.522	7.201533412566184e-9
0.524	7.120890676168164e-9
0.526	7.042039060487282e-9
0.528	6.964919506847324e-9
0.53	6.889475525129981e-9
0.532	6.815653055638933e-9
0.534	6.75587025465194e-9
0.536	6.705651081332371e-9
0.538	6.656177283528605e-9
0.54	6.607432353447141e-9
0.542	6.559400267477888e-9
0.544	6.512065468571318e-9
0.546	6.465412849379647e-9
0.548	6.418800799413973e-9
0.55	6.3718044243878955e-9
0.552	6.3254948775408e-9
0.554	6.279857181675488e-9
0.556	6.234876792176075e-9
0.558	6.190539581501345e-9
0.56	6.146831824340318e-9
0.562	6.035308424799272e-9
0.5640000000000001	5.951018736344674e-9
0.5660000000000001	5.873701333733475e-9
0.5680000000000001	5.800651527862365e-9
0.5700000000000001	5.730781582727992e-9
0.5720000000000001	5.663507881465725e-9
0.5740000000000001	5.5984652189301e-9
0.5760000000000001	5.541439978095125e-9
0.5780000000000001	5.494249193035939e-9
0.5800000000000001	5.448165540112629e-9
0.5820000000000001	5.403099074301369e-9
0.5840000000000001	5.358977149693741e-9
0.5860000000000001	5.3157396037976705e-9
0.5880000000000001	5.273335570084089e-9
0.5900000000000001	5.231721290015792e-9
0.5920000000000001	5.1897329501947784e-9
0.5940000000000001	5.145076112553195e-9
0.5960000000000001	5.101252413018259e-9
0.598	5.058229100565707e-9
0.6	5.015976207323993e-9
0.602	4.974466136399933e-9
0.604	4.933673332818254e-9
0.606	4.893574017386951e-9
0.608	4.8541459689006735e-9
0.61	4.809775382018065e-9
0.612	4.765141214003082e-9
0.614	4.7213403836741925e-9
0.616	4.678346898962385e-9
0.618	4.636136077547158e-9
0.62	4.5946844406526526e-9
0.622	4.55396961967345e-9
0.624	4.513970273581187e-9
0.626	4.476327940715731e-9
0.628	4.4468372103811095e-9
0.63	4.417728162434903e-9
0.632	4.3889921415025246e-9
0.634	4.3606208350714935e-9
0.636	4.332606250208572e-9
0.638	4.304940692649037e-9
0.64	4.277616747944256e-9
0.642	4.250627264403132e-9
0.644	4.219432410775879e-9
0.646	4.177967298543383e-9
0.648	4.137297363115654e-9
0.65	4.097399314271521e-9
0.652	4.05825079557632e-9
0.654	4.019830335604721e-9
0.656	3.9821173024079954e-9
0.658	3.945091860954482e-9
0.66	3.9087349333000675e-9
0.662	3.874314390274475e-9
0.664	3.849054572900954e-9
0.666	3.824107741259135e-9
0.668	3.799467770171159e-9
0.67	3.775128707891403e-9
0.672	3.751084769133008e-9
0.674	3.7273303284899485e-9
0.676	3.7038599142240618e-9
0.678	3.6806682023895537e-9
0.68	3.6577500112700808e-9
0.682	3.6252012162627317e-9
0.684	3.5895868349210236e-9
0.686	3.554650451601113e-9
0.6880000000000001	3.520372686124898e-9
0.6900000000000001	3.4867348966742235e-9
0.6920000000000001	3.453719144598363e-9
0.6940000000000001	3.4213081612398024e-9
0.6960000000000001	3.3894853166425912e-9
0.6980000000000001	3.358234590018067e-9
0.7000000000000001	3.3277012900254058e-9
0.7020000000000001	3.3031108485570273e-9
0.7040000000000001	3.2788669748287014e-9
0.7060000000000001	3.2549622657278802e-9
0.7080000000000001	3.2313895311053872e-9
0.7100000000000001	3.2081417860043805e-9
0.7120000000000001	3.1852122432370837e-9
0.7140000000000001	3.162594306290574e-9
0.7160000000000001	3.140281562544112e-9
0.7180000000000001	3.118267776781583e-9
0.7200000000000001	3.0957357514169953e-9
0.7220000000000001	3.063374907991873e-9
0.724	3.0316703903535387e-9
0.726	3.000602344435486e-9
0.728	2.970151710839181e-9
0.73	2.9403001853914464e-9
0.732	2.9110301820321863e-9
0.734	2.8823247978731167e-9
0.736	2.854167780280524e-9
0.738	2.8265434958463604e-9
0.74	2.7994369011222734e-9
0.742	2.7760033071069035e-9
0.744	2.7537167375253778e-9
0.746	2.7317736160648268e-9
0.748	2.710166008092176e-9
0.75	2.688886222523347e-9
0.752	2.6679268025141556e-9
0.754	2.6472805165766657e-9
0.756	2.626940350098396e-9
0.758	2.60689949724312e-9
0.76	2.584283184032149e-9
0.762	2.552667768124254e-9
0.764	2.521806227534337e-9
0.766	2.4916718713095686e-9
0.768	2.4622392543729814e-9
0.77	2.433484105649396e-9
0.772	2.405383261111101e-9
0.774	2.377914601354782e-9
0.776	2.351056993355903e-9
0.778	2.3247902360779174e-9
0.78	2.302798877699319e-9
0.782	2.2817688382297916e-9
0.784	2.2611107430528716e-9
0.786	2.240814780406129e-9
0.788	2.2208714809779512e-9
0.79	2.201271703086351e-9
0.792	2.182006618621334e-9
0.794	2.163067699705299e-9
0.796	2.1444467060290198e-9
0.798	2.118205049603877e-9
0.8	2.0907726679678574e-9
0.802	2.064034235139752e-9
0.804	2.037963723262627e-9
0.806	2.0125363902498044e-9
0.808	1.987728701351837e-9
0.81	1.963518256395869e-9
0.812	1.939883722224465e-9
0.8140000000000001	1.9168047699055192e-9
0.8160000000000001	1.8950426364662636e-9
0.8180000000000001	1.8745216703638962e-9
0.8200000000000001	1.8544341131554193e-9
0.8220000000000001	1.834766359194263e-9
0.8240000000000001	1.8155053665545284e-9
0.8260000000000001	1.796638628131322e-9
0.8280000000000001	1.7781541445010462e-9
0.8300000000000001	1.7600403984178504e-9
0.8320000000000001	1.7422863308323097e-9
0.8340000000000001	1.724881318327365e-9
0.8360000000000001	1.7027150300170477e-9
0.8380000000000001	1.6753344093668746e-9
0.8400000000000001	1.6488153235051426e-9
0.8420000000000001	1.623117725271591e-9
0.8440000000000001	1.5982040117556958e-9
0.8460000000000001	1.574038840618767e-9
0.8480000000000001	1.5505889627342524e-9
0.8500000000000001	1.5278332584477093e-9
0.8520000000000001	1.5057568251790197e-9
0.854	1.484305049467448e-9
0.856	1.4634517775392293e-9
0.858	1.443172295620659e-9
0.86	1.423443232176439e-9
0.862	1.4042424680058257e-9
0.864	1.3839847919599228e-9
0.866	1.3596203685257016e-9
0.868	1.3360954432829631e-9
0.87	1.3133673534060235e-9
0.872	1.2913962787519783e-9
0.874	1.2701450089745282e-9
0.876	1.2489694446239626e-9
0.878	1.224537590243937e-9
0.88	1.2010403635323821e-9
0.882	1.178425133177486e-9
0.884	1.156643146822254e-9
0.886	1.1382898345166488e-9
0.888	1.1272235700451195e-9
0.89	1.1163678742419606e-9
0.892	1.1057167877545754e-9
0.894	1.0952645740271748e-9
0.896	1.0850057089849403e-9
0.898	1.067655730064614e-9
0.9	1.0274166872638095e-9
0.902	9.900986092454623e-10
0.904	9.55394579908223e-10
0.906	9.327403062896085e-10
0.908	9.141278594013628e-10
0.91	8.962420134809986e-10
0.912	8.790410310914857e-10
0.914	8.624863113925879e-10
0.916	8.451343620900226e-10
0.918	8.229569352168629e-10
0.92	8.019123178729447e-10
0.922	7.819158735567273e-10
0.924	7.628911922487946e-10
0.926	7.431895109041499e-10
0.928	7.215792856909006e-10
0.93	7.011892487912361e-10
0.932	6.819188911709333e-10
0.934	6.710754607284797e-10
0.936	6.638847107729637e-10
0.9380000000000001	6.568454969624322e-10
0.9400000000000001	6.499530770254989e-10
0.9420000000000001	6.432029045294641e-10
0.9440000000000001	6.022954796645273e-10
0.9460000000000001	5.637925723999005e-10
0.9480000000000001	5.489272035960049e-10
0.9500000000000001	5.348249724992831e-10
0.9520000000000001	5.214285830160303e-10
0.9540000000000001	5.086863347072561e-10
0.9560000000000001	4.882328389018351e-10
0.9580000000000001	4.673574889498718e-10
0.9600000000000001	4.4819362922917517e-10
0.9620000000000001	4.3111318397360973e-10
0.9640000000000001	4.179324554071318e-10
0.9660000000000001	4.0553341668339413e-10
0.9680000000000001	3.9384853183981083e-10
0.9700000000000001	3.806407167213301e-10
0.9720000000000001	3.647922184680982e-10
0.9740000000000001	3.502104386184388e-10
0.9760000000000001	3.367493455218504e-10
0.9780000000000001	3.270864886058311e-10
0.98	3.2090000636779093e-10
0.982	3.1494297546812665e-10
0.984	3.0920286261005965e-10
0.986	3.036680309811786e-10
0.988	2.9832766150667527e-10
0.99	2.8758084409017995e-10
0.992	2.767202235387203e-10
0.994	2.666498994437617e-10
0.996	2.5779466230979895e-10
0.998	2.7328136547828296e-10
1.	2.646832381394508e-10
1.002	2.958306418238499e-10
1.004	2.869451969848872e-10
1.006	2.55741281060216e-10
1.008	3.0976716100077136e-10
1.01	3.357286908687419e-10
1.012	3.4498468183538396e-10
1.014	3.60725561315088e-10
1.016	3.88833463342223e-10
1.018	4.0024604584148856e-10
1.02	4.1229437582164427e-10
1.022	4.2271347792672946e-10
1.024	4.346909054532762e-10
1.026	4.4627635791060976e-10
1.028	4.5886856433492803e-10
1.03	4.733992124307228e-10
1.032	4.924764903211732e-10
1.034	5.145956955463339e-10
1.036	5.361312318961087e-10
1.038	5.600429655693721e-10
1.04	5.759701104145317e-10
1.042	5.919347920057661e-10
1.044	6.087767702542522e-10
1.046	6.233812464172428e-10
1.048	6.359295266978909e-10
1.05	6.489559156296099e-10
1.052	6.657337641640712e-10
1.054	6.949032477317225e-10
1.056	7.266990506023077e-10
1.058	7.385895496204087e-10
1.06	7.494597816055302e-10
1.062	7.606033007002165e-10
1.064	7.720301817850256e-10
1.066	7.863990411488853e-10
1.068	8.013468436677538e-10
1.07	8.168145502636783e-10
1.072	8.33197170700657e-10
1.074	8.514999179195317e-10
1.076	8.705573950242966e-10
1.078	8.873488020976237e-10
1.08	9.026668301333086e-10
1.082	9.184474466921491e-10
1.084	9.332754060845852e-10
1.086	9.485099242824111e-10
1.088	9.626161075838863e-10
1.09	9.744803133773905e-10
1.092	9.864698450761993e-10
1.094	9.986566634961899e-10
1.096	1.0110986181445353e-9
1.098	1.0281230693166766e-9
1.1	1.0456201430840777e-9
1.102	1.057934826845765e-9
1.104	1.0685815133230268e-9
1.106	1.079326914043932e-9
1.108	1.0901704791064003e-9
1.11	1.1011141814662733e-9
1.112	1.1122578700338307e-9
1.114	1.1235018063349086e-9
1.116	1.1348451852134294e-9
1.118	1.146287099086518e-9
1.12	1.1565067426444668e-9
1.122	1.1669292009245933e-9
1.124	1.1775248369727106e-9
1.1260000000000001	1.1882110330411457e-9
1.1280000000000001	1.1982066881858243e-9
1.1300000000000001	1.2081364940526852e-9
1.1320000000000001	1.218123333001768e-9
1.1340000000000001	1.2281659227420453e-9
1.1360000000000001	1.2373297240670356e-9
1.1380000000000001	1.2461762713432835e-9
1.1400000000000001	1.2550345743099227e-9
1.1420000000000001	1.2639024115271387e-9
1.1440000000000001	1.2718921437309808e-9
1.1460000000000001	1.279195178085705e-9
1.1480000000000001	1.2864610096634033e-9
1.1500000000000001	1.2936869218049623e-9
1.1520000000000001	1.3008701586579972e-9
1.1540000000000001	1.3091386364904094e-9
1.1560000000000001	1.3176480576317721e-9
1.1580000000000001	1.3261807592686873e-9
1.1600000000000001	1.3337838453025742e-9
1.1620000000000001	1.3395128689623243e-9
1.1640000000000001	1.3452006839936077e-9
1.1660000000000001	1.3508455998674648e-9
1.1680000000000001	1.3564459146717467e-9
1.1700000000000002	1.3620748918701585e-9
1.1720000000000002	1.3678306897838509e-9
1.174	1.3735407969041585e-9
1.176	1.3792034454664764e-9
1.178	1.384706704010732e-9
1.18	1.389230799788993e-9
1.182	1.3936871803232835e-9
1.184	1.398074245405951e-9
1.186	1.4024623650004105e-9
1.188	1.4063652728874873e-9
1.19	1.4100636552857752e-9
1.192	1.4136930015150324e-9
1.194	1.417252083766912e-9
1.196	1.4202754911821327e-9
1.198	1.422480338275108e-9
1.2	1.4246020911969759e-9
1.202	1.4266399652076022e-9
1.204	1.4285932027831093e-9
1.206	1.430461074297245e-9
1.208	1.4321337800570424e-9
1.21	1.4334314279829592e-9
1.212	1.4346401468451236e-9
1.214	1.435759470576492e-9
1.216	1.436788965745436e-9
1.218	1.4377337272816759e-9
1.22	1.4387648701638331e-9
1.222	1.4397260811468901e-9
1.224	1.4399289233700523e-9
1.226	1.4397104375174615e-9
1.228	1.439420605995187e-9
1.23	1.4390595049376965e-9
1.232	1.4386272316268177e-9
1.234	1.4381239044219512e-9
1.236	1.4375496626747185e-9
1.238	1.436904666628156e-9
1.24	1.4361890973005909e-9
1.242	1.4354031563543634e-9
1.244	1.43440456703028e-9
1.246	1.4325388094627422e-9
1.248	1.4306072597007429e-9
1.25	1.428610459312273e-9
1.252	1.4265489662339087e-9
1.254	1.424335322641067e-9
1.256	1.4220296206273262e-9
1.258	1.4196500340863395e-9
1.26	1.4171973318285e-9
1.262	1.4146723025643546e-9
1.264	1.4120757542887334e-9
1.266	1.409408513654771e-9
1.268	1.4066714253386816e-9
1.27	1.403865351396155e-9
1.272	1.400991170611256e-9
1.274	1.39804977783868e-9
1.276	1.3950420833402479e-9
1.278	1.391962360288158e-9
1.28	1.3883633818548664e-9
1.282	1.384705472297905e-9
1.284	1.3809896993892672e-9
1.286	1.3772171390153542e-9
1.288	1.3733602511571556e-9
1.29	1.3691667024684262e-9
1.292	1.364890706978973e-9
1.294	1.3605340372590019e-9
1.296	1.3560984817608954e-9
1.298	1.351585843171435e-9
1.3	1.3469979367787462e-9
1.302	1.3423365888563e-9
1.304	1.3376036350662081e-9
1.306	1.3328009188839474e-9
1.308	1.3279302900465374e-9
1.31	1.3229936030261136e-9
1.312	1.317992715530695e-9
1.314	1.3129294870338698e-9
1.316	1.3079790590534746e-9
1.318	1.303016904127767e-9
1.32	1.2979944901284677e-9
1.322	1.2929136334227488e-9
1.324	1.287776148653247e-9
1.326	1.2840561976651417e-9
1.328	1.2807925184369226e-9
1.33	1.2776407526701276e-9
1.332	1.274599364180417e-9
1.334	1.2716668808831505e-9
1.336	1.2688418929360003e-9
1.338	1.2661230509767383e-9
1.34	1.2635090644519233e-9
1.342	1.2609987000324922e-9
1.344	1.2585907801124956e-9
1.346	1.2562841813874626e-9
1.348	1.2540778335090953e-9
1.35	1.2519707178131949e-9
1.352	1.2500303184722055e-9
1.354	1.2488294889188124e-9
1.356	1.2477218178139882e-9
1.358	1.246706808202744e-9
1.36	1.2457840052644111e-9
1.362	1.2449328616589813e-9
1.364	1.2438595846472925e-9
1.366	1.2428447380273941e-9
1.368	1.2418880329657232e-9
1.37	1.2409891974245293e-9
1.372	1.240147975970294e-9
1.374	1.239364129594334e-9
1.3760000000000001	1.2386374355453707e-9
1.3780000000000001	1.2379676871738329e-9
1.3800000000000001	1.2373546937876955e-9
1.3820000000000001	1.2367982805196664e-9
1.3840000000000001	1.2362982882055466e-9
1.3860000000000001	1.2358545732736098e-9
1.3880000000000001	1.2354670076448532e-9
1.3900000000000001	1.2351354786439975e-9
1.3920000000000001	1.2350933325321703e-9
1.3940000000000001	1.2351092993543523e-9
1.3960000000000001	1.2351810423323017e-9
1.3980000000000001	1.2353085735741889e-9
1.4000000000000001	1.2354919203079107e-9
1.4020000000000001	1.2353719460198195e-9
1.4040000000000001	1.2352020594259378e-9
1.4060000000000001	1.2350455387587133e-9
1.4080000000000001	1.2349023665496915e-9
1.4100000000000001	1.2347725262061495e-9
1.4120000000000001	1.2346560020080063e-9
1.4140000000000001	1.234552779104873e-9
1.4160000000000001	1.2346102291212194e-9
1.4180000000000001	1.234737996468182e-9
1.4200000000000002	1.234879054623998e-9
1.4220000000000002	1.2350334053685849e-9
1.4240000000000002	1.2352010513362474e-9
1.4260000000000002	1.2353819960157038e-9
1.428	1.2355762437502448e-9
1.43	1.2357837997380338e-9
1.432	1.2360046700325425e-9
1.434	1.2362407738967182e-9
1.436	1.2365299098439895e-9
1.438	1.236832421362791e-9
1.44	1.2371243335520821e-9
1.442	1.2372008288554076e-9
1.444	1.2372664234688789e-9
1.446	1.2373211065811138e-9
1.448	1.237364867955468e-9
1.45	1.2374756469580204e-9
1.452	1.2381300275779606e-9
1.454	1.2387741270917683e-9
1.456	1.2394079049559262e-9
1.458	1.2398843952075486e-9
1.46	1.2400860938358058e-9
1.462	1.2402768284131495e-9
1.464	1.2404565814157607e-9
1.466	1.2406181339290578e-9
1.468	1.2407300376102761e-9
1.47	1.2408308924251705e-9
1.472	1.2409206856016014e-9
1.474	1.2409994049542525e-9
1.476	1.2411795066012124e-9
1.478	1.241399584980519e-9
1.48	1.2416086215555064e-9
1.482	1.2418723924562176e-9
1.484	1.2422753703752559e-9
1.486	1.2426727771750492e-9
1.488	1.2429848313267865e-9
1.49	1.243209963816205e-9
1.492	1.2434293158268014e-9
1.494	1.2432938325796956e-9
1.496	1.2430880626100333e-9
1.498	1.2428764817169935e-9
1.5	1.2426628111588813e-9
1.502	1.2424553933603693e-9
1.504	1.2422421496063418e-9
1.506	1.2420230785476558e-9
1.508	1.2414634739271526e-9
1.51	1.2407066705718134e-9
1.512	1.2399448865217637e-9
1.514	1.239178134470165e-9
1.516	1.2384064272393495e-9
1.518	1.2376297777800981e-9
1.52	1.2368481991709146e-9
1.522	1.2360617046172877e-9
1.524	1.2353743979125603e-9
1.526	1.2347989731338783e-9
1.528	1.2342233412611614e-9
1.53	1.2333509869651886e-9
1.532	1.2320764794519908e-9
1.534	1.2308038427694403e-9
1.536	1.2295330662528615e-9
1.538	1.2282641393048632e-9
1.54	1.2269970513949467e-9
1.542	1.225731792059114e-9
1.544	1.2244683508994798e-9
1.546	1.2232067175838878e-9
1.548	1.2219468818455269e-9
1.55	1.2203414623778738e-9
1.552	1.2183656952653992e-9
1.554	1.2163955018851484e-9
1.556	1.2145261903989984e-9
1.558	1.2128910037475364e-9
1.56	1.2112593865135282e-9
1.562	1.2096313206583251e-9
1.564	1.2080067882634251e-9
1.566	1.2064386166063156e-9
1.568	1.2049391186167954e-9
1.57	1.2030816687513737e-9
1.572	1.201114733423144e-9
1.574	1.1991633624972586e-9
1.576	1.1974157550142089e-9
1.578	1.1957923019992916e-9
1.58	1.1941822922879977e-9
1.582	1.1925856283145094e-9
1.584	1.1910022136769428e-9
1.586	1.1894696117390328e-9
1.588	1.1880347152652612e-9
1.59	1.186612175694556e-9
1.592	1.1852019100143818e-9
1.594	1.1838038361905044e-9
1.596	1.1824178731543734e-9
1.598	1.1810439407907082e-9
1.6	1.1794497706649871e-9
1.602	1.177687011117625e-9
1.604	1.1759382063487415e-9
1.606	1.1742032489709538e-9
1.608	1.1725192673218818e-9
1.61	1.1713432792613777e-9
1.612	1.1702246035995636e-9
1.614	1.1691229741380138e-9
1.616	1.1680382941535475e-9
1.618	1.1669704686028204e-9
1.62	1.1659194041015201e-9
1.622	1.1648850089040055e-9
1.624	1.163867192883377e-9
1.6260000000000001	1.1628658675119697e-9
1.6280000000000001	1.1619545685546638e-9
1.6300000000000001	1.1611014231599323e-9
1.6320000000000001	1.1602641581936886e-9
1.6340000000000001	1.1594427012639805e-9
1.6360000000000001	1.1586369813977736e-9
1.6380000000000001	1.1578469290261349e-9
1.6400000000000001	1.1570724759697565e-9
1.6420000000000001	1.1563135554248033e-9
1.6440000000000001	1.1555701019490871e-9
1.6460000000000001	1.1548420514485576e-9
1.6480000000000001	1.1541293411641061e-9
1.6500000000000001	1.1534319096586766e-9
1.6520000000000001	1.1527496968046812e-9
1.6540000000000001	1.1520826437717097e-9
1.6560000000000001	1.1521179500369186e-9
1.6580000000000001	1.1522309385942863e-9
1.6600000000000001	1.1523285563447783e-9
1.6620000000000001	1.1524107891339884e-9
1.6640000000000001	1.1524776240350543e-9
1.6660000000000001	1.1525290493516712e-9
1.6680000000000001	1.1525650546208548e-9
1.6700000000000002	1.1525856306154658e-9
1.6720000000000002	1.1525907693464828e-9
1.6740000000000002	1.15258046406503e-9
1.6760000000000002	1.152554709264157e-9
1.6780000000000002	1.1525135006803687e-9
1.6800000000000002	1.1524568352949056e-9
1.6820000000000002	1.1523847113347736e-9
1.6840000000000002	1.1522971282735252e-9
1.686	1.1521940868317863e-9
1.688	1.1520755889775355e-9
1.69	1.1519416379261285e-9
1.692	1.1517922381400723e-9
1.694	1.1517197488762836e-9
1.696	1.1519497117375935e-9
1.698	1.152164257580635e-9
1.7	1.1523633627936046e-9
1.702	1.1525470049913218e-9
1.704	1.1527151630201562e-9
1.706	1.1528678169627082e-9
1.708	1.1530049481422493e-9
1.71	1.153126539126917e-9
1.712	1.1532325737336607e-9
1.714	1.153321276106072e-9
1.716	1.153389828391124e-9
1.718	1.153442782094196e-9
1.72	1.1534801265756065e-9
1.722	1.1535018524609547e-9
1.724	1.153507951643452e-9
1.726	1.1534984172859964e-9
1.728	1.153473243822993e-9
1.73	1.1534324269619107e-9
1.732	1.1533759636845871e-9
1.734	1.1532875473126865e-9
1.736	1.1531699989905657e-9
1.738	1.1530368155184244e-9
1.74	1.1528601496190775e-9
1.742	1.152582382054075e-9
1.744	1.152279276364161e-9
1.746	1.1519508663060466e-9
1.748	1.151597188961542e-9
1.75	1.1512182847260165e-9
1.752	1.1508141972957718e-9
1.754	1.1503665610230719e-9
1.756	1.1498930927995508e-9
1.758	1.1493946255284713e-9
1.76	1.1488712184333177e-9
1.762	1.1483229339466816e-9
1.764	1.1477498376905492e-9
1.766	1.1471519984555782e-9
1.768	1.1465294881793816e-9
1.77	1.1458758325270029e-9
1.772	1.1451787120415759e-9
1.774	1.1444572183718526e-9
1.776	1.1437114389921162e-9
1.778	1.1429414643763935e-9
1.78	1.142147387970107e-9
1.782	1.1413293061608501e-9
1.784	1.140487318248301e-9
1.786	1.1396215264132915e-9
1.788	1.1386829015439801e-9
1.79	1.1377400993258822e-9
1.792	1.136790219793073e-9
1.794	1.1358235251773887e-9
1.796	1.1348400991446907e-9
1.798	1.1338400267191523e-9
1.8	1.132823394264542e-9
1.802	1.1317902894652754e-9
1.804	1.1307408013072337e-9
1.806	1.1296750200583666e-9
1.808	1.1285930372490773e-9
1.81	1.1274280709253988e-9
1.812	1.126119134356754e-9
1.814	1.124795129095535e-9
1.816	1.1234561660748411e-9
1.818	1.1221023571738597e-9
1.82	1.1207338151950956e-9
1.822	1.1193506538415184e-9
1.824	1.1179529876936601e-9
1.826	1.1165409321866478e-9
1.828	1.115114603587194e-9
1.83	1.1136741189705505e-9
1.832	1.1122195961974242e-9
1.834	1.1107511538908796e-9
1.836	1.1092689114132186e-9
1.838	1.1077729888428565e-9
1.84	1.1063476088086574e-9
1.842	1.1049389309324324e-9
1.844	1.103524579771254e-9
1.846	1.1021046068447326e-9
1.848	1.1006790637206734e-9
1.85	1.0992480020107494e-9
1.852	1.0978114733661917e-9
1.854	1.0963695294735037e-9
1.856	1.0949025361330917e-9
1.858	1.0933863664634741e-9
1.86	1.09186528321638e-9
1.862	1.0903393392189076e-9
1.864	1.0888085872785237e-9
1.866	1.0872730801790598e-9
1.868	1.0857328706767377e-9
1.87	1.0841880114962295e-9
1.872	1.0826385553267458e-9
1.874	1.0810845548181597e-9
1.8760000000000001	1.0795260625771585e-9
1.8780000000000001	1.077963131163435e-9
1.8800000000000001	1.0763958130859053e-9
1.8820000000000001	1.074824160798964e-9
1.8840000000000001	1.073248226698773e-9
1.8860000000000001	1.0716680631195846e-9
1.8880000000000001	1.0700837223300947e-9
1.8900000000000001	1.0684952565298396e-9
1.8920000000000001	1.0668904690316257e-9
1.8940000000000001	1.0652830399040958e-9
1.8960000000000001	1.0636731376690872e-9
1.8980000000000001	1.0620608012942814e-9
1.9000000000000001	1.0604460696447097e-9
1.9020000000000001	1.0588289814809856e-9
1.9040000000000001	1.0572095754575649e-9
1.9060000000000001	1.0555878901210246e-9
1.9080000000000001	1.0539583654530648e-9
1.9100000000000001	1.0522910443037851e-9
1.9120000000000001	1.0506218168785296e-9
1.9140000000000001	1.0489507211360501e-9
1.9160000000000001	1.0472777949042052e-9
1.9180000000000001	1.0456030758785088e-9
1.9200000000000002	1.0439266016207162e-9
1.9220000000000002	1.0422484095574221e-9
1.9240000000000002	1.0405685369786889e-9
1.9260000000000002	1.0388870210366931e-9
1.9280000000000002	1.0372038987444003e-9
1.9300000000000002	1.0355192069742605e-9
1.9320000000000002	1.0338329824569262e-9
1.9340000000000002	1.0321452617799944e-9
1.9360000000000002	1.0304560813867736e-9
1.9380000000000002	1.0287654775750711e-9
1.94	1.0270734864960035e-9
1.942	1.025380144152832e-9
1.944	1.0237414793959034e-9
1.946	1.0221554315252034e-9
1.948	1.0205578006297282e-9
1.95	1.0189487133174653e-9
1.952	1.0173282965418233e-9
1.954	1.0156966775790409e-9
1.956	1.0140539840057226e-9
1.958	1.0124003436765035e-9
1.96	1.0107358847018493e-9
1.962	1.0090594678462299e-9
1.964	1.0073601133455181e-9
1.966	1.0056504180708322e-9
1.968	1.0039305115334296e-9
1.97	1.0022005233720222e-9
1.972	1.0004605833315735e-9
1.974	9.98710821242274e-10
1.976	9.969513669987055e-10
1.978	9.951823505391909e-10
1.98	9.934039018253381e-10
1.982	9.916161508217853e-10
1.984	9.898192274761449e-10
1.986	9.880132616991568e-10
1.988	9.861983833450512e-10
1.99	9.843747221921251e-10
1.992	9.825424079235397e-10
1.994	9.807015701083337e-10
1.996	9.788523381826688e-10
1.998	9.769948414312975e-10
2.	9.751594760447953e-10
2.002	9.733836799597193e-10
2.004	9.716423555711364e-10
2.006	9.699052214481627e-10
2.008	9.681722633660518e-10
2.01	9.664434672093327e-10
2.012	9.647188189509103e-10
2.014	9.629982877742837e-10
2.016	9.61281774951935e-10
2.018	9.595693782883922e-10
2.02	9.578610925780136e-10
2.0220000000000002	9.561569126574333e-10
2.024	9.544568334267625e-10
2.0260000000000002	9.527608498637958e-10
2.028	9.510689569757417e-10
2.0300000000000002	9.49381149858824e-10
2.032	9.476974236458757e-10
2.0340000000000003	9.46017952122441e-10
2.036	9.443425789972062e-10
2.0380000000000003	9.426712451465814e-10
2.04	9.410039310879608e-10
2.0420000000000003	9.393406174592834e-10
2.044	9.376812850473506e-10
2.0460000000000003	9.36025914717869e-10
2.048	9.34374487543578e-10
2.0500000000000003	9.327269846492689e-10
2.052	9.310833704293945e-10
2.0540000000000003	9.294436210457011e-10
2.056	9.278077440309431e-10
2.0580000000000003	9.261757237233771e-10
2.06	9.245475445550747e-10
2.0620000000000003	9.229231910976683e-10
2.064	9.213026480025656e-10
2.0660000000000003	9.196859000345468e-10
2.068	9.180729320667462e-10
2.07	9.164637290617608e-10
2.072	9.148584352195998e-10
2.074	9.1325687802362e-10
2.076	9.116590193217564e-10
2.078	9.100648332494315e-10
2.08	9.084742940652934e-10
2.082	9.068873761994137e-10
2.084	9.053040542344372e-10
2.086	9.037243029181013e-10
2.088	9.021480971214989e-10
2.09	9.005754200759353e-10
2.092	8.990062533795315e-10
2.094	8.974405557186899e-10
2.096	8.958783011001906e-10
2.098	8.943194636325037e-10
2.1	8.927640176294027e-10
2.102	8.912119375516963e-10
2.104	8.896631979688456e-10
2.106	8.881177736464882e-10
2.108	8.865756394869802e-10
2.11	8.850365556645142e-10
2.112	8.835006269499908e-10
2.114	8.819679478375924e-10
2.116	8.804385136663106e-10
2.118	8.789123198265413e-10
2.12	8.773893617339077e-10
2.122	8.758696348544362e-10
2.124	8.743531346911949e-10
2.126	8.728398568054913e-10
2.128	8.713297967837086e-10
2.13	8.698229592143068e-10
2.132	8.683193309361007e-10
2.134	8.668189063596561e-10
2.136	8.653216806474443e-10
2.138	8.63827648984181e-10
2.14	8.623368066223631e-10
2.142	8.608491488164783e-10
2.144	8.593646708895016e-10
2.146	8.578833682006074e-10
2.148	8.564052708814129e-10
2.15	8.549307081456229e-10
2.152	8.534592795467151e-10
2.154	8.519909557031445e-10
2.156	8.50525707436281e-10
2.158	8.490635057004608e-10
2.16	8.476043216166283e-10
2.162	8.461481264560371e-10
2.164	8.44694891688524e-10
2.166	8.432445888833115e-10
2.168	8.417970867560999e-10
2.17	8.40351886781577e-10
2.172	8.38909582411169e-10
2.174	8.374701868808581e-10
2.176	8.360337134331287e-10
2.178	8.346001752185236e-10
2.18	8.331695853339429e-10
2.182	8.317419568438028e-10
2.184	8.303173027452469e-10
2.186	8.288956359829251e-10
2.188	8.274770582922069e-10
2.19	8.260621348863719e-10
2.192	8.246501878779099e-10
2.194	8.232411865880855e-10
2.196	8.218351004706271e-10
2.198	8.204318991703279e-10
2.2	8.190315524724729e-10
2.202	8.176340303434998e-10
2.204	8.162393028935189e-10
2.206	8.14847340405652e-10
2.208	8.134581133114581e-10
2.21	8.120708742563635e-10
2.212	8.106863543147112e-10
2.214	8.093045661625642e-10
2.216	8.079255224088945e-10
2.218	8.065492356126627e-10
2.22	8.051757182641741e-10
2.222	8.038049828189189e-10
2.224	8.024370416666125e-10
2.226	8.010719071434573e-10
2.228	7.997095915184333e-10
2.23	7.983506251216435e-10
2.232	7.96994618770698e-10
2.234	7.956413997810894e-10
2.236	7.942909425819173e-10
2.238	7.929432217187103e-10
2.24	7.915982118915654e-10
2.242	7.902558879155991e-10
2.244	7.889162247470835e-10
2.246	7.87579197478156e-10
2.248	7.862447813184561e-10
2.25	7.849127712723997e-10
2.2520000000000002	7.835831342041635e-10
2.254	7.822560662096183e-10
2.2560000000000002	7.80931564099985e-10
2.258	7.796096247250116e-10
2.2600000000000002	7.782902449263748e-10
2.262	7.769734215993745e-10
2.2640000000000002	7.756591516335927e-10
2.266	7.743474319485336e-10
2.2680000000000002	7.730382594931297e-10
2.27	7.717316385338774e-10
2.2720000000000002	7.704276547572849e-10
2.274	7.691262029375457e-10
2.2760000000000002	7.678272744027468e-10
2.278	7.665308605079869e-10
2.2800000000000002	7.65236952671393e-10
2.282	7.639455423568529e-10
2.2840000000000003	7.626566210639589e-10
2.286	7.6137018033603e-10
2.2880000000000003	7.600862117693343e-10
2.29	7.588047069989237e-10
2.2920000000000003	7.575256363377673e-10
2.294	7.562489975672768e-10
2.2960000000000003	7.549748010004387e-10
2.298	7.537030404659977e-10
2.3000000000000003	7.524337098384049e-10
2.302	7.511668030131956e-10
2.3040000000000003	7.499023139294918e-10
2.306	7.486402365508527e-10
2.3080000000000003	7.473805648663792e-10
2.31	7.46123292901056e-10
2.3120000000000003	7.448684147126811e-10
2.314	7.436159678783893e-10
2.3160000000000003	7.423659020335339e-10
2.318	7.411182075911084e-10
2.3200000000000003	7.398728763488942e-10
2.322	7.386299001621477e-10
2.3240000000000003	7.373892709274786e-10
2.326	7.361509805502749e-10
2.328	7.349150210218932e-10
2.33	7.336813843366381e-10
2.332	7.324500625468801e-10
2.334	7.312210365090118e-10
2.336	7.299942799511659e-10
2.338	7.287698174250909e-10
2.34	7.275476432750259e-10
2.342	7.263277518488251e-10
2.344	7.25110137556817e-10
2.346	7.238947948023388e-10
2.348	7.226817180341828e-10
2.35	7.214709017273647e-10
2.352	7.202623403581529e-10
2.354	7.190560284533423e-10
2.356	7.178519835447779e-10
2.358	7.166502014197089e-10
2.36	7.154506487670122e-10
2.362	7.14253317758951e-10
2.364	7.130582005945481e-10
2.366	7.118652894958111e-10
2.368	7.106745767352487e-10
2.37	7.094860546113192e-10
2.372	7.082997154590125e-10
2.374	7.071155516542478e-10
2.376	7.05933555589717e-10
2.378	7.047537445946327e-10
2.38	7.035761030205939e-10
2.382	7.024006031661333e-10
2.384	7.012272354305023e-10
2.386	7.000559902521034e-10
2.388	6.988868581186913e-10
2.39	6.977198295588061e-10
2.392	6.965548951356723e-10
2.394	6.953920454607947e-10
2.396	6.9423127118319e-10
2.398	6.930725629971138e-10
2.4	6.919158638526762e-10
2.402	6.907611807739368e-10
2.404	6.896085425135091e-10
2.406	6.884579439098367e-10
2.408	6.873093798134645e-10
2.41	6.861628451082364e-10
2.412	6.850183346682359e-10
2.414	6.838758434160186e-10
2.416	6.827353662806937e-10
2.418	6.81596898194507e-10
2.42	6.804604341237661e-10
2.422	6.793259685214855e-10
2.424	6.781934963704539e-10
2.426	6.770630133049887e-10
2.428	6.759345144078681e-10
2.43	6.74807994762386e-10
2.432	6.736834494913218e-10
2.434	6.725608737206802e-10
2.436	6.714402625849782e-10
2.438	6.703216112474902e-10
2.44	6.692049148751813e-10
2.442	6.680901686588574e-10
2.444	6.669773811930609e-10
2.446	6.658665671488996e-10
2.448	6.647576859898697e-10
2.45	6.636507307635578e-10
2.452	6.625456945161936e-10
2.454	6.614425703220913e-10
2.456	6.603413512874325e-10
2.458	6.592420305321939e-10
2.46	6.581446012086634e-10
2.462	6.570490564803299e-10
2.464	6.559553895444334e-10
2.466	6.54863593612005e-10
2.468	6.537736636108248e-10
2.47	6.526855910585638e-10
2.472	6.515993691299509e-10
2.474	6.505149910293326e-10
2.476	6.494324500024746e-10
2.478	6.4835173931885e-10
2.48	6.472728522502101e-10
2.482	6.461957820976134e-10
2.484	6.451205221959609e-10
2.486	6.440470658727374e-10
2.488	6.429754064957008e-10
2.49	6.419056713547846e-10
2.492	6.408378147745319e-10
2.494	6.397717182961396e-10
2.496	6.387073647043838e-10
2.498	6.376447368666913e-10
2.5	6.365838177101582e-10
2.5020000000000002	6.355245902387716e-10
2.504	6.344670375261277e-10
2.5060000000000002	6.33411142719837e-10
2.508	6.323568890199409e-10
2.5100000000000002	6.313042597275747e-10
2.512	6.302532184074e-10
2.5140000000000002	6.29203431871861e-10
2.516	6.281552373017926e-10
2.5180000000000002	6.271086342433936e-10
2.52	6.260636222363183e-10
2.5220000000000002	6.250202008020404e-10
2.524	6.239783694521162e-10
2.5260000000000002	6.22938127670125e-10
2.528	6.218994749441987e-10
2.5300000000000002	6.208624107303083e-10
2.532	6.198269344772392e-10
2.5340000000000003	6.187930456197617e-10
2.536	6.177608161973184e-10
2.5380000000000003	6.167302639163732e-10
2.54	6.157012865440719e-10
2.5420000000000003	6.146738761563145e-10
2.544	6.136480248474401e-10
2.5460000000000003	6.126237247389694e-10
2.548	6.116009679583993e-10
2.5500000000000003	6.105797466687561e-10
2.552	6.095600530393064e-10
2.5540000000000003	6.085418792632709e-10
2.556	6.075252175476314e-10
2.5580000000000003	6.065100601305456e-10
2.56	6.05496339998106e-10
2.5620000000000003	6.044840864423325e-10
2.564	6.034733202470102e-10
2.5660000000000003	6.0246403731316e-10
2.568	6.014562335349133e-10
2.5700000000000003	6.004499048166861e-10
2.572	5.994450470466018e-10
2.5740000000000003	5.984416561128016e-10
2.576	5.974397279056354e-10
2.5780000000000003	5.964392583069165e-10
2.58	5.954402431922114e-10
2.582	5.944426784330912e-10
2.584	5.934466227048553e-10
2.586	5.924520157553924e-10
2.588	5.914588409298551e-10
2.59	5.904670910542721e-10
2.592	5.89476758921494e-10
2.594	5.884878373651995e-10
2.596	5.875003192097163e-10
2.598	5.865141973006711e-10
2.6	5.855294644844585e-10
2.602	5.845461136095887e-10
2.604	5.835641375370551e-10
2.606	5.825835291357047e-10
2.608	5.816042293881529e-10
2.61	5.80626281045872e-10
2.612	5.796496835706558e-10
2.614	5.78674432160977e-10
2.616	5.777005220259158e-10
2.618	5.767279483554021e-10
2.62	5.757567063311844e-10
2.622	5.747867911303766e-10
2.624	5.738181979121442e-10
2.626	5.728509218340801e-10
2.628	5.718849580349375e-10
2.63	5.709203016500804e-10
2.632	5.699570324799434e-10
2.634	5.689950706528162e-10
2.636	5.680343939891165e-10
2.638	5.670749935821605e-10
2.64	5.66116860552735e-10
2.642	5.651599860140799e-10
2.644	5.642043610970538e-10
2.646	5.632499769354955e-10
2.648	5.622968246526102e-10
2.65	5.613448954020087e-10
2.652	5.60394180315483e-10
2.654	5.594446705447037e-10
2.656	5.584961910017986e-10
2.658	5.575488328494898e-10
2.66	5.56602670006484e-10
2.662	5.55657703145271e-10
2.664	5.547139328950939e-10
2.666	5.537713598345157e-10
2.668	5.528299844892895e-10
2.67	5.518898073302614e-10
2.672	5.509508287786711e-10
2.674	5.500130491988198e-10
2.676	5.490764688981569e-10
2.678	5.48141088135442e-10
2.68	5.472070601666827e-10
2.682	5.462744412636108e-10
2.684	5.453430013799549e-10
2.686	5.444127261320206e-10
2.688	5.434836011570254e-10
2.69	5.425556120963207e-10
2.692	5.416287446233848e-10
2.694	5.407029844154502e-10
2.696	5.397783171698572e-10
2.698	5.38854728600861e-10
2.7	5.379322044208851e-10
2.702	5.370107303672718e-10
2.704	5.360902845151438e-10
2.706	5.351704870778416e-10
2.708	5.342517125829042e-10
2.71	5.333339615319189e-10
2.712	5.324172343397994e-10
2.714	5.315015313671794e-10
2.716	5.305868528810437e-10
2.718	5.296731990786784e-10
2.72	5.287605700802556e-10
2.722	5.278489659296982e-10
2.724	5.269383865811802e-10
2.726	5.260288319218119e-10
2.728	5.251203017376646e-10
2.73	5.242129563834148e-10
2.732	5.233067828076068e-10
2.734	5.224016141717662e-10
2.736	5.21497438064123e-10
2.738	5.20594242049639e-10
2.74	5.196920136743992e-10
2.742	5.187907404513143e-10
2.744	5.178904098664783e-10
2.746	5.169910093662435e-10
2.748	5.160925263746622e-10
2.75	5.151949482758274e-10
2.7520000000000002	5.142982624258117e-10
2.754	5.134024561279176e-10
2.7560000000000002	5.125073740049603e-10
2.758	5.116131328450061e-10
2.7600000000000002	5.107197444696897e-10
2.762	5.098272019857595e-10
2.7640000000000002	5.089354984091664e-10
2.766	5.08044626681484e-10
2.7680000000000002	5.071545796502946e-10
2.77	5.062653500897513e-10
2.7720000000000002	5.053769306625311e-10
2.774	5.044893139509981e-10
2.7760000000000002	5.036024924330504e-10
2.778	5.027164584951959e-10
2.7800000000000002	5.018312101237556e-10
2.782	5.009467670158594e-10
2.7840000000000003	5.000630863234127e-10
2.786	4.991801585750434e-10
2.7880000000000003	4.982979741985189e-10
2.79	4.97416523506947e-10
2.7920000000000003	4.96535796707684e-10
2.794	4.956557838889338e-10
2.7960000000000003	4.947764750179559e-10
2.798	4.938978599372992e-10
2.8000000000000003	4.930199283729457e-10
2.802	4.921426699029862e-10
2.8040000000000003	4.912660739770413e-10
2.806	4.903901142638757e-10
2.8080000000000003	4.89514757031583e-10
2.81	4.886400324425019e-10
2.8120000000000003	4.877659313124614e-10
2.814	4.868924442877736e-10
2.8160000000000003	4.860195618351634e-10
2.818	4.851472742462564e-10
2.8200000000000003	4.842755716147558e-10
2.822	4.834044438573911e-10
2.8240000000000003	4.825338806772059e-10
2.826	4.81663871578086e-10
2.8280000000000003	4.807944058462946e-10
2.83	4.799254725480522e-10
2.8320000000000003	4.790570950492187e-10
2.834	4.781893045886934e-10
2.836	4.773220070122861e-10
2.838	4.764551864690674e-10
2.84	4.755888268853307e-10
2.842	4.747229119229934e-10
2.844	4.738574249988133e-10
2.846	4.729923492628852e-10
2.848	4.721276675852017e-10
2.85	4.712633625434185e-10
2.852	4.703994164173176e-10
2.854	4.695358111847513e-10
2.856	4.686725284793629e-10
2.858	4.678095310998875e-10
2.86	4.669467476714884e-10
2.862	4.66084233514743e-10
2.864	4.652219719275475e-10
2.866	4.643599457883421e-10
2.868	4.6349813753951734e-10
2.87	4.626365291633327e-10
2.872	4.6177510217673077e-10
2.874	4.6091383758783034e-10
2.876	4.6005271589480777e-10
2.878	4.5919171705115706e-10
2.88	4.5833082044618726e-10
2.882	4.574700048685717e-10
2.884	4.566092484910517e-10
2.886	4.557485478939654e-10
2.888	4.5488786046835416e-10
2.89	4.540271613858523e-10
2.892	4.5316642536506577e-10
2.894	4.5230562633366544e-10
2.896	4.5144473739594973e-10
2.898	4.505837307742489e-10
2.9	4.4972257777911264e-10
2.902	4.488612487486957e-10
2.904	4.4799971299108127e-10
2.906	4.4713793873926104e-10
2.908	4.4627589306589156e-10
2.91	4.454135418422275e-10
2.912	4.445509040607712e-10
2.914	4.436879172160572e-10
2.916	4.428245095428013e-10
2.918	4.41960638422374e-10
2.92	4.410962596045586e-10
2.922	4.4023132708589246e-10
2.924	4.3936579299685346e-10
2.926	4.3849960745606404e-10
2.928	4.3763271843199306e-10
2.93	4.3676507157499965e-10
2.932	4.3589661004520517e-10
2.934	4.350272743047066e-10
2.936	4.341570018963456e-10
2.938	4.3328568992025947e-10
2.94	4.324131328951508e-10
2.942	4.31539440351534e-10
2.944	4.3066454233379854e-10
2.946	4.2978836436546916e-10
2.948	4.289108270114634e-10
2.95	4.280318453712671e-10
2.952	4.271513284944376e-10
2.954	4.2626917874633823e-10
2.956	4.2538529101478665e-10
2.958	4.244995518459747e-10
2.96	4.236118383944243e-10
2.962	4.227220171944505e-10
2.964	4.218299427307405e-10
2.966	4.20935633793619e-10
2.968	4.200388572448754e-10
2.97	4.1913928298792466e-10
2.972	4.1823668596147955e-10
2.974	4.173308155396619e-10
2.976	4.164213904864069e-10
2.978	4.1550809240305756e-10
2.98	4.1459055711511546e-10
2.982	4.1366836302771835e-10
2.984	4.1274101491417545e-10
2.986	4.1180792071632423e-10
2.988	4.10868356723709e-10
2.99	4.0992141263982966e-10
2.992	4.089658984987786e-10
2.994	4.0799994288201743e-10
2.996	4.070212749933082e-10
2.998	4.060255866704243e-10
3.	4.0500042217671803e-10
3.0020000000000002	4.0393797373217193e-10
3.004	4.028826922367727e-10
3.0060000000000002	4.018347332709311e-10
3.008	4.0079410373726077e-10
3.0100000000000002	3.9976077596964263e-10
3.012	3.987347073178879e-10
3.0140000000000002	3.9771584722016863e-10
3.016	3.967041405329682e-10
3.0180000000000002	3.95699529326601e-10
3.02	3.947019594919431e-10
3.0220000000000002	3.9371157936104386e-10
3.024	3.9272810541842294e-10
3.0260000000000002	3.917514693197892e-10
3.028	3.907816027238727e-10
3.0300000000000002	3.8981843746556253e-10
3.032	3.888619056689934e-10
3.0340000000000003	3.8791193984318875e-10
3.036	3.8696847295528546e-10
3.0380000000000003	3.860314384814436e-10
3.04	3.851007704481274e-10
3.0420000000000003	3.841764034661688e-10
3.044	3.8325827275456797e-10
3.0460000000000003	3.823463141564688e-10
3.048	3.814404540803428e-10
3.0500000000000003	3.805404678194512e-10
3.052	3.7964647142690664e-10
3.0540000000000003	3.78758408872602e-10
3.056	3.7787622474538407e-10
3.0580000000000003	3.769998642617842e-10
3.06	3.7612927325813397e-10
3.0620000000000003	3.752643981992725e-10
3.064	3.744051861647779e-10
3.0660000000000003	3.7355158485286085e-10
3.068	3.7270354258304586e-10
3.0700000000000003	3.7186100827782847e-10
3.072	3.7102393146293737e-10
3.0740000000000003	3.7019226227146074e-10
3.076	3.693659514288384e-10
3.0780000000000003	3.685450774549693e-10
3.08	3.6772946763411683e-10
3.0820000000000003	3.6691906372840976e-10
3.084	3.661138148414411e-10
3.0860000000000003	3.65313670655727e-10
3.088	3.645185814514074e-10
3.0900000000000003	3.637284980806323e-10
3.092	3.6294337197451487e-10
3.094	3.6216315512472675e-10
3.096	3.613878000860625e-10
3.098	3.606172599616454e-10
3.1	3.5985148839878184e-10
3.102	3.590904395823499e-10
3.104	3.583340682323562e-10
3.106	3.5758227408382356e-10
3.108	3.5683504853952226e-10
3.11	3.560923717702661e-10
3.112	3.5535420278023765e-10
3.114	3.5462050105398445e-10
3.116	3.5389122655514425e-10
3.118	3.531663397092442e-10
3.12	3.524458014100011e-10
3.122	3.5172957300498936e-10
3.124	3.5101761629290937e-10
3.126	3.5030989351417874e-10
3.128	3.4960636734965196e-10
3.13	3.489070009116955e-10
3.132	3.482117577406765e-10
3.134	3.475205967158307e-10
3.136	3.4683347824639243e-10
3.138	3.4615037674615734e-10
3.14	3.4547125780698323e-10
3.142	3.4479608742002216e-10
3.144	3.4412483196547e-10
3.146	3.4345745821021843e-10
3.148	3.4279393329910776e-10
3.15	3.4213422475111013e-10
3.152	3.41478300456837e-10
3.154	3.4082612867162474e-10
3.156	3.4017767800904954e-10
3.158	3.3953291744052265e-10
3.16	3.3889181628169193e-10
3.162	3.3825434420285754e-10
3.164	3.376205264318346e-10
3.166	3.369902854331921e-10
3.168	3.363635810456114e-10
3.17	3.357403824729476e-10
3.172	3.3512065925243637e-10
3.174	3.3450438125760984e-10
3.176	3.3389151867547996e-10
3.178	3.332820420264634e-10
3.18	3.3267592213747116e-10
3.182	3.3207313015210115e-10
3.184	3.3147363752101495e-10
3.186	3.308774160039081e-10
3.188	3.3028443765284254e-10
3.19	3.2969467482157395e-10
3.192	3.29108075355183e-10
3.194	3.28524554966048e-10
3.196	3.2794417274389765e-10
3.198	3.2736690515234557e-10
3.2	3.2679272891412106e-10
3.202	3.2622162101063393e-10
3.204	3.256535586745364e-10
3.206	3.250885193920084e-10
3.208	3.2452648089309646e-10
3.21	3.2396742115465677e-10
3.212	3.2341131839054616e-10
3.214	3.228581510577887e-10
3.216	3.223078978428499e-10
3.218	3.2176053766500464e-10
3.22	3.212160496756489e-10
3.222	3.2067448361562987e-10
3.224	3.2013582756089747e-10
3.226	3.195999762230266e-10
3.228	3.190669055506918e-10
3.23	3.1853659173026867e-10
3.232	3.18009011180046e-10
3.234	3.1748414055344293e-10
3.236	3.169619567285489e-10
3.238	3.1644243680642865e-10
3.24	3.159255581196687e-10
3.242	3.1541129820798796e-10
3.244	3.1489963483738947e-10
3.246	3.143905459855541e-10
3.248	3.1388400983950337e-10
3.25	3.1338000479900843e-10
3.2520000000000002	3.1287844545008227e-10
3.254	3.123793271374433e-10
3.2560000000000002	3.1188268123937025e-10
3.258	3.113884899688746e-10
3.2600000000000002	3.1089673572094184e-10
3.262	3.104074010649666e-10
3.2640000000000002	3.0992046875197654e-10
3.266	3.094359217060306e-10
3.2680000000000002	3.089537430213324e-10
3.27	3.084739159617704e-10
3.2720000000000002	3.0799642396624894e-10
3.274	3.0752125062948313e-10
3.2760000000000002	3.0704837971745197e-10
3.278	3.0657779515723157e-10
3.2800000000000002	3.061094810361093e-10
3.282	3.056434399138541e-10
3.2840000000000003	3.0517965393706634e-10
3.286	3.047180901608977e-10
3.2880000000000003	3.042587323862324e-10
3.29	3.038015645688189e-10
3.2920000000000003	3.033465708141069e-10
3.294	3.028937353857202e-10
3.2960000000000003	3.0244304269492056e-10
3.298	3.019944772965965e-10
3.3000000000000003	3.015480238989949e-10
3.302	3.0110366735080296e-10
3.3040000000000003	3.0066139264506315e-10
3.306	3.0022118491799593e-10
3.3080000000000003	2.9978302944107543e-10
3.31	2.993469116284712e-10
3.3120000000000003	2.989128063154303e-10
3.314	2.9848068988912544e-10
3.3160000000000003	2.980505692884983e-10
3.318	2.9762243125575925e-10
3.3200000000000003	2.971962626605848e-10
3.322	2.9677205049842123e-10
3.3240000000000003	2.9634978189223187e-10
3.326	2.9592944408004363e-10
3.3280000000000003	2.955110244268195e-10
3.33	2.9509451041620677e-10
3.3320000000000003	2.9467988964628246e-10
3.334	2.9426714983771086e-10
3.3360000000000003	2.938562788224593e-10
3.338	2.9344726454881875e-10
3.3400000000000003	2.93040095077692e-10
3.342	2.92634760373265e-10
3.3440000000000003	2.9223131633507943e-10
3.346	2.918296800229017e-10
3.3480000000000003	2.9142983813349e-10
3.35	2.910317774866201e-10
3.352	2.9063548500999993e-10
3.354	2.9024094774681653e-10
3.356	2.8984815285022173e-10
3.358	2.8945708758283196e-10
3.36	2.8906773931786936e-10
3.362	2.8868009553398307e-10
3.364	2.882941438161921e-10
3.366	2.879098718586766e-10
3.368	2.875272674545559e-10
3.37	2.871463185015211e-10
3.372	2.867670130009272e-10
3.374	2.863893167411982e-10
3.376	2.8601322362966646e-10
3.378	2.8563874014107046e-10
3.38	2.8526585564377413e-10
3.382	2.848945596044538e-10
3.384	2.8452484157660616e-10
3.386	2.841566912046063e-10
3.388	2.8379009822477056e-10
3.39	2.834250524589743e-10
3.392	2.8306154381868776e-10
3.394	2.8269956230178864e-10
3.396	2.8233909798963435e-10
3.398	2.8198014105287746e-10
3.4	2.816226817398458e-10
3.402	2.8126671038948774e-10
3.404	2.809122174158102e-10
3.406	2.8055916586689884e-10
3.408	2.802075733201917e-10
3.41	2.7985743227857284e-10
3.412	2.7950873417540174e-10
3.414	2.791614705155276e-10
3.416	2.788156328793497e-10
3.418	2.7847121292117115e-10
3.42	2.7812820237038184e-10
3.422	2.77786593024846e-10
3.424	2.774463767568941e-10
3.426	2.7710754550631333e-10
3.428	2.767700912863214e-10
3.43	2.764340061787381e-10
3.432	2.7609928233094234e-10
3.434	2.757659119603233e-10
3.436	2.7543389377379075e-10
3.438	2.7510323762978015e-10
3.44	2.7477391110761316e-10
3.442	2.744459059629287e-10
3.444	2.7411921401652185e-10
3.446	2.7379382715558286e-10
3.448	2.734697373340833e-10
3.45	2.731469365723171e-10
3.452	2.728254169537283e-10
3.454	2.725051706251223e-10
3.456	2.721861897997734e-10
3.458	2.718684667505425e-10
3.46	2.715519938119817e-10
3.462	2.712367633844693e-10
3.464	2.7092276792388163e-10
3.466	2.706099999484448e-10
3.468	2.70298454250379e-10
3.47	2.6998812599991287e-10
3.472	2.6967900292544147e-10
3.474	2.693710776183579e-10
3.476	2.6906434272395926e-10
3.478	2.6875879094862406e-10
3.48	2.684544150545674e-10
3.482	2.681512078597025e-10
3.484	2.678491622387125e-10
3.486	2.6754827111949116e-10
3.488	2.672485274874389e-10
3.49	2.6694992437970876e-10
3.492	2.6665245488970015e-10
3.494	2.6635611215974934e-10
3.496	2.6606088938861023e-10
3.498	2.657667798281355e-10
3.5	2.654737749367266e-10
3.5020000000000002	2.6518186511513614e-10
3.504	2.648910487585654e-10
3.5060000000000002	2.646013194755693e-10
3.508	2.643126709205173e-10
3.5100000000000002	2.640250967982507e-10
3.512	2.6373859086301623e-10
3.5140000000000002	2.6345314691430356e-10
3.516	2.63168758801084e-10
3.5180000000000002	2.6288542041689016e-10
3.52	2.626031257036509e-10
3.5220000000000002	2.623218686491197e-10
3.524	2.6204164328586727e-10
3.5260000000000002	2.617624436918285e-10
3.528	2.6148426398987897e-10
3.5300000000000002	2.6120709834741915e-10
3.532	2.60930943269785e-10
3.5340000000000003	2.606558152668326e-10
3.536	2.603816834109628e-10
3.5380000000000003	2.6010854143274114e-10
3.54	2.598363831084102e-10
3.5420000000000003	2.5956520225833587e-10
3.544	2.592949927456599e-10
3.5460000000000003	2.590257484787341e-10
3.548	2.587574634052629e-10
3.5500000000000003	2.5849013151831433e-10
3.552	2.582237468503027e-10
3.5540000000000003	2.579583034789697e-10
3.556	2.5760045374286676e-10
3.5580000000000003	2.571671053748505e-10
3.56	2.5668593030863715e-10
3.5620000000000003	2.5616707517906424e-10
3.564	2.5561655209102804e-10
3.5660000000000003	2.550384651301728e-10
3.568	2.5443597880125827e-10
3.5700000000000003	2.5381159501607486e-10
3.572	2.5316735895888276e-10
3.5740000000000003	2.525050011810836e-10
3.576	2.5182601650692314e-10
3.5780000000000003	2.51131717183688e-10
3.58	2.5042327018407487e-10
3.5820000000000003	2.497017243116075e-10
3.584	2.4896803043186643e-10
3.5860000000000003	2.482230569527276e-10
3.588	2.474676018982765e-10
3.5900000000000003	2.467024024980751e-10
3.592	2.4592814291705107e-10
3.5940000000000003	2.45145460576413e-10
3.596	2.443549513784721e-10
3.5980000000000003	2.4355718541266956e-10
3.6	2.4275270918025144e-10
3.6020000000000003	2.4194198349926306e-10
3.604	2.4112547481109555e-10
3.606	2.403036243142131e-10
3.608	2.3947684999844114e-10
3.61	2.386455484354167e-10
3.612	2.378100963590119e-10
3.614	2.3697085206206565e-10
3.616	2.361281566499035e-10
3.618	2.3528233515623477e-10
3.62	2.3443369755364873e-10
3.622	2.335825396625755e-10
3.624	2.3272914398467392e-10
3.626	2.318737804491883e-10
3.628	2.3101670710738987e-10
3.63	2.301581707662729e-10
3.632	2.2929841783402443e-10
3.634	2.2843767025421328e-10
3.636	2.275761374535722e-10
3.638	2.2671402631070002e-10
3.64	2.2585153497802994e-10
3.642	2.2498885328520804e-10
3.644	2.241261631079548e-10
3.646	2.2326363872433777e-10
3.648	2.224014471453968e-10
3.65	2.2153974842018557e-10
3.652	2.2067869593121435e-10
3.654	2.1981843667097518e-10
3.656	2.1895911149861136e-10
3.658	2.1810085538984362e-10
3.66	2.172437976713662e-10
3.662	2.1638806223716935e-10
3.664	2.1553376776558827e-10
3.666	2.146810223382902e-10
3.668	2.1382993924932674e-10
3.67	2.129806241464488e-10
3.672	2.1213317688155377e-10
3.674	2.1128769299667223e-10
3.676	2.1044426388431417e-10
3.678	2.0960297693818157e-10
3.68	2.087639156951763e-10
3.682	2.0792715998134828e-10
3.684	2.070927860377157e-10
3.686	2.062608666561761e-10
3.688	2.0543147129596112e-10
3.69	2.0460466620380827e-10
3.692	2.037805145310561e-10
3.694	2.029590764355491e-10
3.696	2.0214040919359597e-10
3.698	2.0132456729672092e-10
3.7	2.0051158184204923e-10
3.702	1.9970152008898087e-10
3.704	1.9889443262976238e-10
3.706	1.9809036422829398e-10
3.708	1.9728935730195456e-10
3.71	1.964914520068989e-10
3.712	1.9569668631030114e-10
3.714	1.949050960738704e-10
3.716	1.941167151184746e-10
3.718	1.9333157530241018e-10
3.72	1.9254970658208311e-10
3.722	1.9177113708368116e-10
3.724	1.9099589316384097e-10
3.726	1.9022399947002122e-10
3.728	1.8945547900394296e-10
3.73	1.8868662855523376e-10
3.732	1.878429151936466e-10
3.734	1.8695202308004758e-10
3.736	1.8603131287901036e-10
3.738	1.8508833384428212e-10
3.74	1.8412778264556514e-10
3.742	1.831530037768558e-10
3.744	1.821665623841938e-10
3.746	1.8117052042451738e-10
3.748	1.801665894804902e-10
3.75	1.7915622356109468e-10
3.7520000000000002	1.7814067941570497e-10
3.754	1.7712105782001603e-10
3.7560000000000002	1.7609833302001183e-10
3.758	1.750733744523192e-10
3.7600000000000002	1.7404696321752526e-10
3.762	1.7301980487695213e-10
3.7640000000000002	1.7199253959116095e-10
3.766	1.7096575030312e-10
3.7680000000000002	1.6993998556136115e-10
3.77	1.6891573344705111e-10
3.7720000000000002	1.6789342292708123e-10
3.774	1.6687346431789158e-10
3.7760000000000002	1.6585623509099528e-10
3.778	1.6484208283214855e-10
3.7800000000000002	1.6383132782314587e-10
3.782	1.6282426531122054e-10
3.7840000000000003	1.6182116751932847e-10
3.786	1.608222854338208e-10
3.7880000000000003	1.5982785040682365e-10
3.79	1.58838075595819e-10
3.7920000000000003	1.5785315726596032e-10
3.794	1.5687327597039472e-10
3.7960000000000003	1.5589859762672545e-10
3.798	1.5492927450036606e-10
3.8000000000000003	1.5396544610548704e-10
3.802	1.5300723916837195e-10
3.8040000000000003	1.5205475630722722e-10
3.806	1.5110811877013368e-10
3.8080000000000003	1.5016742303212625e-10
3.81	1.4923275636768858e-10
3.8120000000000003	1.483041974161151e-10
3.814	1.4738181670853515e-10
3.8160000000000003	1.4646567715790427e-10
3.818	1.4555583451912557e-10
3.8200000000000003	1.446523378169352e-10
3.822	1.4375522974930707e-10
3.8240000000000003	1.4286454706428634e-10
3.826	1.4198032091360146e-10
3.8280000000000003	1.4110257718559494e-10
3.83	1.4023133681834773e-10
3.8320000000000003	1.3936661609375181e-10
3.834	1.38508426915682e-10
3.8360000000000003	1.3765677707050568e-10
3.838	1.3681166970576326e-10
3.8400000000000003	1.3597310501773248e-10
3.842	1.3514108078968973e-10
3.8440000000000003	1.3431559070108066e-10
3.846	1.3349662541593988e-10
3.8480000000000003	1.326841727689857e-10
3.85	1.3187821794003582e-10
3.8520000000000003	1.3107874362061858e-10
3.854	1.3028573017069823e-10
3.8560000000000003	1.29499155767939e-10
3.858	1.2871899654674124e-10
3.86	1.279452267337362e-10
3.862	1.2717781877213067e-10
3.864	1.2641674344179766e-10
3.866	1.2566196997337724e-10
3.868	1.24913466154103e-10
3.87	1.241711984307127e-10
3.872	1.23435132004733e-10
3.874	1.2270522787576817e-10
3.876	1.219814509395688e-10
3.878	1.2126376452521422e-10
3.88	1.2055212979706642e-10
3.882	1.1984650708197237e-10
3.884	1.1914685594123018e-10
3.886	1.184531352356325e-10
3.888	1.177653031885029e-10
3.89	1.1708331744476304e-10
3.892	1.1640713512706592e-10
3.894	1.1573671288946171e-10
3.896	1.1507200696780603e-10
3.898	1.1441297322629405e-10
3.9	1.1375956720406192e-10
3.902	1.1311174415754591e-10
3.904	1.1246945909990157e-10
3.906	1.1183266684074718e-10
3.908	1.1120132202085176e-10
3.91	1.1057539492596972e-10
3.912	1.0995482772035248e-10
3.914	1.0933957028176689e-10
3.916	1.0872957655958071e-10
3.918	1.0812480049880026e-10
3.92	1.0752519606340422e-10
3.922	1.0693071726161056e-10
3.924	1.0634131816778418e-10
3.926	1.0575695294345123e-10
3.928	1.051775758570047e-10
3.93	1.0460314130320627e-10
3.932	1.0403360381952559e-10
3.934	1.0346891810325139e-10
3.936	1.029090390271572e-10
3.938	1.023539216533204e-10
3.94	1.0180352124670013e-10
3.942	1.0125779328846735e-10
3.944	1.0071669348682571e-10
3.946	1.0018016434956637e-10
3.948	9.964817059661008e-11
3.95	9.912067440883697e-11
3.952	9.859763282622592e-11
3.954	9.807900315578706e-11
3.956	9.756474297821532e-11
3.958	9.705481015565814e-11
3.96	9.654916283842722e-11
3.962	9.60477594711462e-11
3.964	9.555055879784158e-11
3.966	9.5057519867536e-11
3.968	9.456860203850639e-11
3.97	9.408376498337591e-11
3.972	9.360296869148718e-11
3.974	9.312617347378655e-11
3.976	9.265333996462317e-11
3.978	9.218442912540834e-11
3.98	9.171940224651733e-11
3.982	9.125822575140044e-11
3.984	9.080086214144754e-11
3.986	9.034726796982462e-11
3.988	8.989740568640997e-11
3.99	8.945123808181107e-11
3.992	8.900872828796387e-11
3.994	8.856983977875976e-11
3.996	8.813453636981652e-11
3.998	8.770278221840217e-11
4.	8.727454182343983e-11
4.002	8.684978002517535e-11
4.004	8.642846200403015e-11
4.006	8.601055328040257e-11
4.008	8.559601971350118e-11
4.01	8.518482750042417e-11
4.012	8.47769431748689e-11
4.014	8.437233360589761e-11
4.016	8.397096599654671e-11
4.018	8.35728074761775e-11
4.02	8.317781777730603e-11
4.021999999999999	8.278597389559436e-11
4.024	8.23972445046771e-11
4.026	8.201159860033909e-11
4.028	8.16290054980004e-11
4.029999999999999	8.124943483137474e-11
4.032	8.087285655021491e-11
4.034	8.049924091794154e-11
4.036	8.012855851019274e-11
4.037999999999999	7.976078021183159e-11
4.04	7.939587721540239e-11
4.042	7.903382101844963e-11
4.044	7.867458342126163e-11
4.045999999999999	7.831813652459141e-11
4.048	7.796445272719038e-11
4.05	7.761350472329993e-11
4.052	7.726526550056481e-11
4.053999999999999	7.691970833699956e-11
4.056	7.657681082424255e-11
4.058	7.623654747565355e-11
4.06	7.589888743322736e-11
4.061999999999999	7.556380496744253e-11
4.064	7.52312746298933e-11
4.066	7.490127125065215e-11
4.068	7.457376993553316e-11
4.069999999999999	7.424874606359358e-11
4.072	7.392617528425601e-11
4.074	7.360603351479161e-11
4.076	7.32882969376203e-11
4.077999999999999	7.297294199761738e-11
4.08	7.265994539938072e-11
4.082	7.234928410492901e-11
4.084	7.204093533041397e-11
4.085999999999999	7.173487654411238e-11
4.088	7.143108546342466e-11
4.09	7.11295400524171e-11
4.092	7.083021851893548e-11
4.093999999999999	7.053309583336893e-11
4.096	7.023815273213174e-11
4.098	6.994536975751815e-11
4.1	6.96547261480878e-11
4.101999999999999	6.936620137208242e-11
4.104	6.907977512440917e-11
4.106	6.879542732462516e-11
4.108	6.85131381143244e-11
4.109999999999999	6.823288785451313e-11
4.112	6.795465712356142e-11
4.114	6.767842671428995e-11
4.116	6.740417763205112e-11
4.117999999999999	6.71318910919549e-11
4.119999999999999	6.686154851674993e-11
4.122	6.659313153446394e-11
4.124	6.632662197585343e-11
4.1259999999999994	6.606200187245138e-11
4.127999999999999	6.579925345406496e-11
4.13	6.553835914635019e-11
4.132	6.527930336360945e-11
4.1339999999999995	6.502206764236288e-11
4.135999999999999	6.476663437493848e-11
4.138	6.451298671146272e-11
4.14	6.426110798787884e-11
4.1419999999999995	6.40109817235533e-11
4.143999999999999	6.376259161947547e-11
4.146	6.351592155572447e-11
4.148	6.327095558954972e-11
4.1499999999999995	6.302767795344243e-11
4.151999999999999	6.278607305290859e-11
4.154	6.254612546438562e-11
4.156	6.230781993359284e-11
4.1579999999999995	6.207114137291784e-11
4.159999999999999	6.183607485995488e-11
4.162	6.160260563550005e-11
4.164	6.137071910139978e-11
4.1659999999999995	6.11404008187762e-11
4.167999999999999	6.091163650617918e-11
4.17	6.068441218389194e-11
4.172	6.045871380675617e-11
4.1739999999999995	6.023452747316211e-11
4.175999999999999	6.001183950926513e-11
4.178	5.979063638945023e-11
4.18	5.957090473467354e-11
4.1819999999999995	5.935263131067925e-11
4.183999999999999	5.913580302628477e-11
4.186	5.892040693176879e-11
4.188	5.870643021710073e-11
4.1899999999999995	5.849386021009514e-11
4.191999999999999	5.828268437513035e-11
4.194	5.807289031128436e-11
4.196	5.786446575074741e-11
4.1979999999999995	5.76573985574092e-11
4.199999999999999	5.745167672491906e-11
4.202	5.724728837553248e-11
4.204	5.704422175838358e-11
4.2059999999999995	5.684246524798071e-11
4.207999999999999	5.6642005919809756e-11
4.21	5.6442831386240504e-11
4.212	5.624493293306116e-11
4.2139999999999995	5.6048299481752086e-11
4.215999999999999	5.585292007087538e-11
4.218	5.5658783854784774e-11
4.22	5.546588010199217e-11
4.2219999999999995	5.52741981941473e-11
4.223999999999999	5.5083727624502303e-11
4.226	5.4894457996622426e-11
4.228	5.4706379023064246e-11
4.2299999999999995	5.451948052416385e-11
4.231999999999999	5.4333752426613027e-11
4.234	5.4149184762411656e-11
4.236	5.396576766744436e-11
4.2379999999999995	5.37834913803302e-11
4.239999999999999	5.360234624115633e-11
4.242	5.342232269037882e-11
4.244	5.3243411267518514e-11
4.2459999999999996	5.3065602610104953e-11
4.247999999999999	5.2888889354462915e-11
4.25	5.271326059687201e-11
4.252	5.253870701673891e-11
4.254	5.236521960013434e-11
4.255999999999999	5.2192789425827006e-11
4.258	5.20214076643428e-11
4.26	5.185106557686463e-11
4.262	5.1681754514158835e-11
4.263999999999999	5.1513465915488866e-11
4.266	5.134619130763903e-11
4.268	5.1179922303888455e-11
4.27	5.101465060294877e-11
4.271999999999999	5.085036798793155e-11
4.274	5.068706632550245e-11
4.276	5.052473756476417e-11
4.278	5.0363373736334316e-11
4.279999999999999	5.020296695146759e-11
4.282	5.004350940100368e-11
4.284	4.988499335455954e-11
4.286	4.972741182591375e-11
4.287999999999999	4.9570758496923546e-11
4.29	4.941502387711464e-11
4.292	4.926020050278748e-11
4.294	4.910628098498328e-11
4.295999999999999	4.8953258008717724e-11
4.298	4.88011243321719e-11
4.3	4.86498727856654e-11
4.302	4.849949627093312e-11
4.303999999999999	4.834998776039731e-11
4.306	4.820134029616183e-11
4.308	4.8053546989282884e-11
4.31	4.790660101905192e-11
4.311999999999999	4.7760495632079195e-11
4.314	4.761522414164464e-11
4.316	4.7470779926803566e-11
4.318	4.732715643178991e-11
4.319999999999999	4.7184347165084016e-11
4.322	4.704234569886839e-11
4.324	4.6901145668190614e-11
4.326	4.676073969382968e-11
4.327999999999999	4.66211212114888e-11
4.33	4.648228550832112e-11
4.332	4.634422650063106e-11
4.334	4.620693816354267e-11
4.335999999999999	4.6070414530402473e-11
4.338	4.5934649692116544e-11
4.34	4.579963779656175e-11
4.342	4.5665373047781074e-11
4.343999999999999	4.5531849705547126e-11
4.346	4.53990620845533e-11
4.348	4.526700455400121e-11
4.35	4.513567153680848e-11
4.351999999999999	4.500505750906186e-11
4.354	4.487515699949594e-11
4.356	4.4745964588770775e-11
4.358	4.4617474909068895e-11
4.359999999999999	4.448968264331093e-11
4.362	4.4362582524847436e-11
4.364	4.4236169336594156e-11
4.366	4.411043871877154e-11
4.367999999999999	4.3985385839961916e-11
4.37	4.3861004482392814e-11
4.372	4.3737289594717006e-11
4.374	4.361423617300473e-11
4.3759999999999994	4.349183926019088e-11
4.377999999999999	4.337009394552423e-11
4.38	4.32489953641932e-11
4.382	4.3128538696637346e-11
4.3839999999999995	4.300871916818475e-11
4.385999999999999	4.288953204851667e-11
4.388	4.27709726512007e-11
4.39	4.2653036333126426e-11
4.3919999999999995	4.253571849414937e-11
4.393999999999999	4.241901457658458e-11
4.396	4.230292006468446e-11
4.398	4.2187430484261304e-11
4.3999999999999995	4.207254140219864e-11
4.401999999999999	4.195824842599705e-11
4.404	4.184454720335713e-11
4.406	4.1731432278576427e-11
4.4079999999999995	4.161889662222703e-11
4.409999999999999	4.1506940015886597e-11
4.412	4.139555833603725e-11
4.414	4.1284747496359387e-11
4.4159999999999995	4.117450344739165e-11
4.417999999999999	4.106482217598242e-11
4.42	4.095569970507342e-11
4.422	4.084713209316626e-11
4.4239999999999995	4.0739115434091234e-11
4.425999999999999	4.0631645856510103e-11
4.428	4.052471952362915e-11
4.43	4.041833263275073e-11
4.4319999999999995	4.031248141505226e-11
4.433999999999999	4.0207162135121044e-11
4.436	4.0102371090534254e-11
4.438	3.999810461177217e-11
4.4399999999999995	3.9894359061581955e-11
4.441999999999999	3.979113083480024e-11
4.444	3.9688416358005557e-11
4.446	3.958621208915921e-11
4.4479999999999995	3.948452019838462e-11
4.449999999999999	3.9383332456621775e-11
4.452	3.9282644272860124e-11
4.454	3.918245213365298e-11
4.4559999999999995	3.908275255643556e-11
4.457999999999999	3.898354208922908e-11
4.46	3.888481731022083e-11
4.462	3.878657482755032e-11
4.4639999999999995	3.868881127898544e-11
4.465999999999999	3.859152333156462e-11
4.468	3.8494707681297544e-11
4.47	3.839836105295528e-11
4.4719999999999995	3.830248019962199e-11
4.473999999999999	3.820706190254127e-11
4.476	3.8112102970762e-11
4.478	3.801760024084096e-11
4.4799999999999995	3.7923550576592945e-11
4.481999999999999	3.7829950868810594e-11
4.484	3.773679803492254e-11
4.486	3.7644089018807684e-11
4.4879999999999995	3.7551819284571966e-11
4.489999999999999	3.7459983405145376e-11
4.492	3.7368582453332417e-11
4.494	3.727761355125387e-11
4.4959999999999996	3.718707384540466e-11
4.497999999999999	3.709696050620142e-11
4.5	3.700727072789008e-11
4.502	3.6918001728282546e-11
4.504	3.6829150748461825e-11
4.505999999999999	3.6740715052643053e-11
4.508	3.665269192784287e-11
4.51	3.656507868373819e-11
4.512	3.6477872652355724e-11
4.513999999999999	3.6391071187965e-11
4.516	3.630467166672307e-11
4.518	3.621867148658207e-11
4.52	3.613306806695693e-11
4.521999999999999	3.6047858848646136e-11
4.524	3.596304129347558e-11
4.526	3.587861288421374e-11
4.528	3.579457112427701e-11
4.529999999999999	3.571091635802929e-11
4.532	3.5627645962110206e-11
4.534	3.554475470951432e-11
4.536	3.5462240109796484e-11
4.537999999999999	3.538009969295181e-11
4.54	3.5298331009274255e-11
4.542	3.5216931629116184e-11
4.544	3.513589914269135e-11
4.545999999999999	3.505523115989878e-11
4.548	3.497492531012087e-11
4.55	3.4894979242014494e-11
4.552	3.481539062337801e-11
4.553999999999999	3.4736157140891295e-11
4.556	3.46572764999687e-11
4.558	3.45787464246286e-11
4.56	3.4500564657206745e-11
4.561999999999999	3.442272895825159e-11
4.564	3.4345237106317925e-11
4.566	3.426808689782878e-11
4.568	3.41912761468762e-11
4.569999999999999	3.4114802685027755e-11
4.572	3.403866067559088e-11
4.574	3.396284884428387e-11
4.576	3.3887368064912344e-11
4.577999999999999	3.381221632468894e-11
4.58	3.3737391626627685e-11
4.582	3.3662891989464187e-11
4.584	3.3588715447416253e-11
4.585999999999999	3.35148600500704e-11
4.588	3.344132386227716e-11
4.59	3.336810496395505e-11
4.592	3.329520144999158e-11
4.593999999999999	3.3222611430059315e-11
4.596	3.315033302852512e-11
4.598	3.307836438428339e-11
4.6	3.3006703650623636e-11
4.601999999999999	3.293534899512447e-11
4.604	3.286429859944779e-11
4.606	3.2793550659341483e-11
4.608	3.272310338433915e-11
4.609999999999999	3.2652954997775716e-11
4.612	3.258310373661447e-11
4.614	3.251354979691737e-11
4.616	3.244429225675348e-11
4.617999999999999	3.237532652651952e-11
4.62	3.2306650834531574e-11
4.622	3.223826342264758e-11
4.624	3.2170162546209796e-11
4.6259999999999994	3.210234647390771e-11
4.628	3.2034813487623964e-11
4.63	3.1967561882357296e-11
4.632	3.190058996606591e-11
4.6339999999999995	3.183389605957702e-11
4.635999999999999	3.1767478496451065e-11
4.638	3.17013356228733e-11
4.64	3.16354657975209e-11
4.6419999999999995	3.156986739150661e-11
4.643999999999999	3.1504538788153576e-11
4.646	3.1439478383006285e-11
4.648	3.137468458366752e-11
4.6499999999999995	3.1310155809667065e-11
4.651999999999999	3.124589049239302e-11
4.654	3.118188707495074e-11
4.656	3.111814389814502e-11
4.6579999999999995	3.105465803581019e-11
4.659999999999999	3.099142950051322e-11
4.662	3.092845680217706e-11
4.664	3.08657384617631e-11
4.6659999999999995	3.0803273011120476e-11
4.667999999999999	3.074105899298611e-11
4.67	3.0679094960786694e-11
4.672	3.0617379478621274e-11
4.6739999999999995	3.055591112114074e-11
4.675999999999999	3.049468847340802e-11
4.678	3.0433710130891924e-11
4.68	3.0372974699308285e-11
4.6819999999999995	3.031248079457313e-11
4.683999999999999	3.025222704265362e-11
4.686	3.019221207957771e-11
4.688	3.013243455122322e-11
4.6899999999999995	3.007289311332667e-11
4.691999999999999	3.001358643137637e-11
4.694	2.995451318050501e-11
4.696	2.989567204539232e-11
4.6979999999999995	2.983706172024827e-11
4.699999999999999	2.977868151855803e-11
4.702	2.972053007343949e-11
4.704	2.966260555059417e-11
4.7059999999999995	2.96049066668322e-11
4.707999999999999	2.954743214821249e-11
4.71	2.949018072990824e-11
4.712	2.9433151156130494e-11
4.7139999999999995	2.9376342180092724e-11
4.715999999999999	2.9319752563856254e-11
4.718	2.9263381078335036e-11
4.72	2.920722650317908e-11
4.7219999999999995	2.915128762667415e-11
4.723999999999999	2.9095563245728534e-11
4.726	2.904005216576574e-11
4.728	2.898475320062669e-11
4.7299999999999995	2.892966517254555e-11
4.731999999999999	2.887478691207994e-11
4.734	2.8820117257961967e-11
4.736	2.8765655057139637e-11
4.7379999999999995	2.8711399164598437e-11
4.739999999999999	2.865734844340521e-11
4.742	2.860350176453024e-11
4.744	2.8549857239994036e-11
4.7459999999999996	2.84964143317436e-11
4.747999999999999	2.8443172150752578e-11
4.75	2.8390129611133504e-11
4.752	2.833728563458319e-11
4.754	2.828463915020218e-11
4.755999999999999	2.8232189094537567e-11
4.758	2.8179934411444083e-11
4.76	2.8127874052062397e-11
4.762	2.807600697476998e-11
4.763999999999999	2.80243321450762e-11
4.766	2.797284853558261e-11
4.768	2.7921555125979916e-11
4.77	2.7870450902866228e-11
4.771999999999999	2.7819534859837415e-11
4.774	2.776880599728045e-11
4.776	2.771826332246758e-11
4.778	2.7667905849361285e-11
4.779999999999999	2.7617732598649906e-11
4.782	2.7567742597660327e-11
4.784	2.751793488031852e-11
4.786	2.7468308487060012e-11
4.787999999999999	2.7418862240133986e-11
4.79	2.736959538139276e-11
4.792	2.7320507013586488e-11
4.794	2.727159620597103e-11
4.795999999999999	2.7222862034043476e-11
4.798	2.7174303579529446e-11
4.8	2.712591993026753e-11
4.802	2.7077710180203014e-11
4.803999999999999	2.7029673429336724e-11
4.806	2.6981808783650937e-11
4.808	2.693411535509708e-11
4.81	2.6886592261511756e-11
4.811999999999999	2.6839238626590982e-11
4.814	2.6792053579828792e-11
4.816	2.6745036256514813e-11
4.818	2.6698185797586153e-11
4.819999999999999	2.6651501349721992e-11
4.822	2.6604982065180857e-11
4.824	2.6558627101805072e-11
4.826	2.651243562298456e-11
4.827999999999999	2.6466406797573353e-11
4.83	2.6420539799911103e-11
4.832	2.63748334983996e-11
4.834	2.632928726394315e-11
4.835999999999999	2.6283900422808024e-11
4.838	2.6238672175941094e-11
4.84	2.6193601729469017e-11
4.842	2.6148688294697223e-11
4.843999999999999	2.6103931088027785e-11
4.846	2.605932933093752e-11
4.848	2.6014882249945007e-11
4.85	2.59705890765413e-11
4.851999999999999	2.5926449047195517e-11
4.854	2.5882461403283078e-11
4.856	2.5838625391065593e-11
4.858	2.5794940261631403e-11
4.859999999999999	2.575140527088102e-11
4.862	2.5708019679471702e-11
4.864	2.5664782752788964e-11
4.866	2.5621693760925658e-11
4.867999999999999	2.5578751978624846e-11
4.87	2.5535956685224756e-11
4.872	2.5493307164666447e-11
4.874	2.545080270544221e-11
4.8759999999999994	2.5408443021794783e-11
4.878	2.5366227731209695e-11
4.88	2.5324155372300895e-11
4.882	2.5282225237661437e-11
4.8839999999999995	2.5240436624365582e-11
4.885999999999999	2.5198788833921723e-11
4.888	2.515728117226176e-11
4.89	2.5115912949679358e-11
4.8919999999999995	2.5074683480802815e-11
4.893999999999999	2.503359208456653e-11
4.896	2.4992638084190378e-11
4.898	2.4951820807118147e-11
4.8999999999999995	2.491113958502479e-11
4.901999999999999	2.4870593753741944e-11
4.904	2.483018265324162e-11
4.906	2.478990562762872e-11
4.9079999999999995	2.474976202507981e-11
4.909999999999999	2.4709751197828673e-11
4.912	2.466987250212546e-11
4.914	2.4630125298199035e-11
4.9159999999999995	2.459050895025929e-11
4.917999999999999	2.4551022826436403e-11
4.92	2.4511666298766057e-11
4.922	2.4472437166785162e-11
4.9239999999999995	2.4433336015210827e-11
4.925999999999999	2.4394362645534012e-11
4.928	2.4355516467791242e-11
4.93	2.4316796895606048e-11
4.9319999999999995	2.4278203346201032e-11
4.933999999999999	2.4239735240328342e-11
4.936	2.42013920022695e-11
4.938	2.41631730597965e-11
4.9399999999999995	2.41250778441617e-11
4.941999999999999	2.4087105790051057e-11
4.944	2.4049256335575905e-11
4.946	2.4011528922249168e-11
4.9479999999999995	2.3973922994939537e-11
4.949999999999999	2.3936438001874717e-11
4.952	2.3899073394585112e-11
4.954	2.3861828627912894e-11
4.9559999999999995	2.3824703159971285e-11
4.957999999999999	2.378769645212348e-11
4.96	2.3750807968950903e-11
4.962	2.3714037178225826e-11
4.9639999999999995	2.367738355093166e-11
4.965999999999999	2.3640846651808606e-11
4.968	2.360442803488904e-11
4.97	2.3568124980536207e-11
4.9719999999999995	2.3531936946491397e-11
4.973999999999999	2.3495863393745942e-11
4.976	2.3459903786479176e-11
4.978	2.3424057592083017e-11
4.9799999999999995	2.3388324281085838e-11
4.981999999999999	2.3352703327190362e-11
4.984	2.331719420719686e-11
4.986	2.328179640101621e-11
4.9879999999999995	2.3246509391621376e-11
4.989999999999999	2.3211332665051293e-11
4.992	2.3176265710370768e-11
4.994	2.3141308019656486e-11
4.9959999999999996	2.310645908796509e-11
4.997999999999999	2.3071718413324682e-11
5.	2.3037085496711055e-11
5.002	2.3002679223834418e-11
5.004	2.2968419086465533e-11
5.005999999999999	2.2934158949096648e-11
5.008	2.289989881172775e-11
5.01	2.2865638674358865e-11
5.012	2.28316396113452e-11
5.013999999999999	2.2797901622686755e-11
5.016	2.276416363402829e-11
5.018	2.2730425645369847e-11
5.02	2.26966876567114e-11
5.021999999999999	2.2663205323668805e-11
5.024	2.2629978646242043e-11
5.026	2.2596751968815295e-11
5.028	2.256352529138855e-11
5.029999999999999	2.2530298613961804e-11
5.032	2.2497322022656682e-11
5.034	2.246459551747322e-11
5.036	2.2431869012289755e-11
5.037999999999999	2.239914250710629e-11
5.04	2.2366416001922812e-11
5.042	2.233393413212441e-11
5.044	2.2301696897711066e-11
5.045999999999999	2.226945966329772e-11
5.048	2.2237222428884363e-11
5.05	2.2204985194471022e-11
5.052	2.2172987128962432e-11
5.053999999999999	2.21412282323586e-11
5.056	2.2109469335754755e-11
5.058	2.2077710439150923e-11
5.06	2.204595154254709e-11
5.061999999999999	2.2014426449070173e-11
5.064	2.198313515872015e-11
5.066	2.1951843868370142e-11
5.068	2.1920552578020134e-11
5.069999999999999	2.1889261287670128e-11
5.072	2.1858199399942605e-11
5.074	2.18273669148376e-11
5.076	2.1796534429732595e-11
5.077999999999999	2.1765701944627586e-11
5.08	2.1734869459522568e-11
5.082	2.1704261670821415e-11
5.084	2.1673878578524117e-11
5.085999999999999	2.1643495486226817e-11
5.088	2.1613112393929506e-11
5.09	2.1582729301632205e-11
5.092	2.1552566328377517e-11
5.093999999999999	2.1522623474165436e-11
5.096	2.149268061995334e-11
5.098	2.146273776574126e-11
5.1	2.143279491152918e-11
5.101999999999999	2.1403068308779626e-11
5.104	2.1373557957492592e-11
5.106	2.134404760620557e-11
5.108	2.131453725491855e-11
5.109999999999999	2.128502690363153e-11
5.112	2.125572811976872e-11
5.114	2.1226640903330152e-11
5.116	2.1197553686891583e-11
5.117999999999999	2.1168466470453018e-11
5.12	2.1139379254014436e-11
5.122	2.111049872206504e-11
5.124	2.108182487460481e-11
5.1259999999999994	2.105315102714458e-11
5.128	2.1024477179684336e-11
5.13	2.0995803332224106e-11