0.02	2.7986205778165584e-14
0.022	2.798175904168782e-14
0.024	2.7977312333763214e-14
0.026000000000000002	2.7972865654378102e-14
0.028	2.7968419003518822e-14
0.03	2.7963972381171723e-14
0.032	2.795952578732314e-14
0.034	2.7955079221959427e-14
0.036000000000000004	2.7950632685066917e-14
0.038000000000000006	2.7946186176631967e-14
0.04	2.7941739696640896e-14
0.041999999999999996	2.793511040933968e-14
0.044	2.792848115035893e-14
0.046	2.792185191967828e-14
0.048	2.7915222717277383e-14
0.05	2.790859354313586e-14
0.052000000000000005	2.7901964397233363e-14
0.054000000000000006	2.7895335279549535e-14
0.05600000000000001	2.7888706190064004e-14
0.057999999999999996	2.7882077128756415e-14
0.06	2.787544809560641e-14
0.062	2.7866898665275806e-14
0.064	2.7858349262938183e-14
0.066	2.784979988856727e-14
0.068	2.7841250542136822e-14
0.07	2.783270122362057e-14
0.07200000000000001	2.7824151932992267e-14
0.074	2.781560267022564e-14
0.076	2.780705343529444e-14
0.078	2.7798504228172422e-14
0.08	2.7789955048833314e-14
0.082	2.7779669081995476e-14
0.084	2.7769383142740435e-14
0.08600000000000001	2.775909723103659e-14
0.08800000000000001	2.7748811346852344e-14
0.09000000000000001	2.773852549015612e-14
0.09200000000000001	2.7728239660916313e-14
0.094	2.7717953859101336e-14
0.096	2.7707668084679608e-14
0.098	2.769738233761953e-14
0.1	2.7687096617889506e-14
0.10200000000000001	2.767521601825715e-14
0.10400000000000001	2.766333544572346e-14
0.10600000000000001	2.7651454900251935e-14
0.108	2.763957438180611e-14
0.11	2.762769389034949e-14
0.112	2.761581342584557e-14
0.114	2.7603932988257887e-14
0.116	2.7592052577549936e-14
0.11800000000000001	2.758017219368523e-14
0.12000000000000001	2.756829183662729e-14
0.12200000000000001	2.7554932529128637e-14
0.12400000000000001	2.7541573248177496e-14
0.126	2.7528213993732832e-14
0.128	2.7514854765753624e-14
0.13	2.7501495564198827e-14
0.132	2.748813638902743e-14
0.134	2.7474777240198402e-14
0.136	2.7461418117670693e-14
0.138	2.7448059021403306e-14
0.13999999999999999	2.743469995135519e-14
0.142	2.7419960066749723e-14
0.144	2.7405220208079295e-14
0.146	2.7390480375298606e-14
0.148	2.7375740568362408e-14
0.15	2.736100078722542e-14
0.152	2.7346261031842376e-14
0.154	2.733152130216802e-14
0.156	2.7316781598157063e-14
0.158	2.7302041919764256e-14
0.16	2.728730226694431e-14
0.162	2.7271267183293503e-14
0.164	2.72552321249088e-14
0.16599999999999998	2.7239197091740956e-14
0.16799999999999998	2.7223162083740742e-14
0.16999999999999998	2.7207127100858875e-14
0.172	2.7191092143046146e-14
0.174	2.7175057210253283e-14
0.176	2.7159022302431055e-14
0.178	2.714298741953021e-14
0.18	2.7126952561501505e-14
0.182	2.7109697663906927e-14
0.184	2.7092442790857364e-14
0.186	2.7075187942299825e-14
0.188	2.705793311818131e-14
0.19	2.7040678318448836e-14
0.192	2.7023423543049408e-14
0.194	2.700616879193003e-14
0.19599999999999998	2.6988914065037707e-14
0.19799999999999998	2.6971659362319452e-14
0.19999999999999998	2.6954404683722275e-14
0.20199999999999999	2.6935997828418586e-14
0.204	2.691759099689048e-14
0.206	2.689918418908142e-14
0.208	2.688077740493487e-14
0.21	2.6862370644394313e-14
0.212	2.6843963907403212e-14
0.214	2.682555719390504e-14
0.216	2.680715050384326e-14
0.218	2.678874383716135e-14
0.22	2.6770337193802777e-14
0.222	2.675083989125402e-14
0.224	2.6731342611666478e-14
0.226	2.6711845354980266e-14
0.228	2.669234812113552e-14
0.22999999999999998	2.6672850910072346e-14
0.23199999999999998	2.665335372173087e-14
0.23399999999999999	2.6633856556051204e-14
0.236	2.661435941297349e-14
0.238	2.659486229243782e-14
0.24	2.657536519438434e-14
0.242	2.655483405515274e-14
0.244	2.6534302938026248e-14
0.246	2.6513771842941812e-14
0.248	2.6493240769836382e-14
0.25	2.6472709718646887e-14
0.252	2.6452178689310297e-14
0.254	2.643164768176354e-14
0.256	2.6411116695943566e-14
0.258	2.639058573178732e-14
0.26	2.6370054789231744e-14
0.262	2.6348542088811447e-14
0.264	2.6327029409601297e-14
0.266	2.6305516751535245e-14
0.268	2.6284004114547202e-14
0.27	2.626249149857111e-14
0.272	2.624097890354089e-14
0.274	2.6219466329390492e-14
0.276	2.6197953776053825e-14
0.278	2.6176441243464827e-14
0.28	2.6154928731557447e-14
0.28200000000000003	2.6132483179494652e-14
0.28400000000000003	2.6110037647710918e-14
0.28600000000000003	2.608759213613732e-14
0.28800000000000003	2.6065146644704914e-14
0.29000000000000004	2.6042701173344776e-14
0.29200000000000004	2.6020255721987958e-14
0.29400000000000004	2.5997810290565535e-14
0.29600000000000004	2.5975364879008574e-14
0.29800000000000004	2.5952919487248127e-14
0.30000000000000004	2.5930474115215277e-14
0.30200000000000005	2.590714135291655e-14
0.30400000000000005	2.5883808609932202e-14
0.30600000000000005	2.5860475886190576e-14
0.30800000000000005	2.5837143181619992e-14
0.31	2.5813810496148807e-14
0.312	2.579047782970536e-14
0.314	2.5767145182217996e-14
0.316	2.5743812553615043e-14
0.318	2.5720479943824844e-14
0.32	2.569714735277574e-14
0.322	2.5672970363427343e-14
0.324	2.5648793392397406e-14
0.326	2.5624616439611708e-14
0.328	2.560043950499598e-14
0.33	2.5576262588475967e-14
0.332	2.555208568997742e-14
0.334	2.552790880942608e-14
0.336	2.5503731946747704e-14
0.338	2.5479555101868032e-14
0.34	2.5455378274712816e-14
0.342	2.5430397732042138e-14
0.34400000000000003	2.5405417206665105e-14
0.34600000000000003	2.5380436698504994e-14
0.34800000000000003	2.5355456207485075e-14
0.35000000000000003	2.5330475733528637e-14
0.35200000000000004	2.5305495276558952e-14
0.35400000000000004	2.5280514836499303e-14
0.35600000000000004	2.525553441327296e-14
0.35800000000000004	2.523055400680321e-14
0.36000000000000004	2.5205573617013328e-14
0.36200000000000004	2.5179828160985722e-14
0.36400000000000005	2.5154082721200144e-14
0.36600000000000005	2.5128337297577524e-14
0.36800000000000005	2.510259189003878e-14
0.37000000000000005	2.5076846498504845e-14
0.372	2.5051101122896652e-14
0.374	2.5025355763135127e-14
0.376	2.4999610419141194e-14
0.378	2.4973865090835773e-14
0.38	2.4948119778139814e-14
0.382	2.4921646252537653e-14
0.384	2.489517274210118e-14
0.386	2.4868699246749087e-14
0.388	2.484222576640007e-14
0.39	2.4815752300972817e-14
0.392	2.4789278850386037e-14
0.394	2.4762805414558393e-14
0.396	2.4736331993408592e-14
0.398	2.4709858586855315e-14
0.4	2.4683385194817267e-14
0.402	2.4656218844174937e-14
0.404	2.4629052507599238e-14
0.406	2.4601886185006722e-14
0.40800000000000003	2.4574719876313948e-14
0.41000000000000003	2.45475535814375e-14
0.41200000000000003	2.4520387300293906e-14
0.41400000000000003	2.4493221032799766e-14
0.41600000000000004	2.4466054778871616e-14
0.41800000000000004	2.443888853842603e-14
0.42000000000000004	2.441172231137956e-14
0.42200000000000004	2.438389696545111e-14
0.42400000000000004	2.4356071632469383e-14
0.42600000000000005	2.432824631234893e-14
0.42800000000000005	2.4300421005004285e-14
0.43000000000000005	2.4272595710349975e-14
0.43200000000000005	2.4244770428300548e-14
0.43400000000000005	2.4216945158770542e-14
0.43600000000000005	2.4189119901674493e-14
0.438	2.416129465692693e-14
0.44	2.41334694244424e-14
0.442	2.410501762068091e-14
0.444	2.4076565828727263e-14
0.446	2.4048114048494086e-14
0.448	2.401966227989398e-14
0.45	2.3991210522839568e-14
0.452	2.396275877724345e-14
0.454	2.3934307043018257e-14
0.456	2.390585532007657e-14
0.458	2.3877403608331033e-14
0.46	2.384895190769424e-14
0.462	2.381990503863344e-14
0.464	2.379085818022442e-14
0.466	2.376181133237796e-14
0.468	2.3732764495004833e-14
0.47000000000000003	2.3703717668015836e-14
0.47200000000000003	2.367467085132175e-14
0.47400000000000003	2.364562404483335e-14
0.47600000000000003	2.3616577248461422e-14
0.47800000000000004	2.3587530462116754e-14
0.48000000000000004	2.355848368571012e-14
0.48200000000000004	2.3528872084090912e-14
0.48400000000000004	2.349926049195194e-14
0.48600000000000004	2.3469648909202236e-14
0.48800000000000004	2.3440037335750844e-14
0.49000000000000005	2.3410425771506824e-14
0.49200000000000005	2.3380814216379225e-14
0.49400000000000005	2.3351202670277082e-14
0.49600000000000005	2.332159113310944e-14
0.49800000000000005	2.3291979604785354e-14
0.5	2.3262368085213878e-14
0.502	2.323222123051743e-14
0.504	2.3202074384115907e-14
0.506	2.3171927545916735e-14
0.508	2.3141780715827302e-14
0.51	2.3111633893755003e-14
0.512	2.3081487079607247e-14
0.514	2.3051340273291437e-14
0.516	2.3021193474714975e-14
0.518	2.2991046683785254e-14
0.52	2.2960899900409684e-14
0.522	2.293024628564698e-14
0.524	2.289959267798176e-14
0.526	2.2868939077319876e-14
0.528	2.283828548356718e-14
0.53	2.2807631896629497e-14
0.532	2.277697831641268e-14
0.534	2.2746324742822576e-14
0.536	2.2715671175765022e-14
0.538	2.2685017615145867e-14
0.54	2.2654364060870937e-14
0.542	2.2623231491540326e-14
0.544	2.259209892809927e-14
0.546	2.2560966370452123e-14
0.548	2.252983381850328e-14
0.55	2.249870127215709e-14
0.552	2.246756873131794e-14
0.554	2.2436436195890187e-14
0.556	2.240530366577821e-14
0.558	2.237417114088637e-14
0.56	2.234303862111904e-14
0.562	2.2311454176958915e-14
0.5640000000000001	2.2279869737471476e-14
0.5660000000000001	2.22482853025597e-14
0.5680000000000001	2.221670087212657e-14
0.5700000000000001	2.218511644607508e-14
0.5720000000000001	2.215353202430819e-14
0.5740000000000001	2.212194760672889e-14
0.5760000000000001	2.2090363193240158e-14
0.5780000000000001	2.2058778783744974e-14
0.5800000000000001	2.202719437814632e-14
0.5820000000000001	2.1995184483239e-14
0.5840000000000001	2.1963174591780128e-14
0.5860000000000001	2.1931164703671374e-14
0.5880000000000001	2.1899154818814412e-14
0.5900000000000001	2.186714493711092e-14
0.5920000000000001	2.1835135058462554e-14
0.5940000000000001	2.1803125182771e-14
0.5960000000000001	2.1771115309937924e-14
0.598	2.1739105439864998e-14
0.6	2.1707095572453885e-14
0.602	2.167468607981417e-14
0.604	2.1642276589392828e-14
0.606	2.1609867101090308e-14
0.608	2.157745761480705e-14
0.61	2.1545048130443498e-14
0.612	2.1512638647900082e-14
0.614	2.1480229167077263e-14
0.616	2.1447819687875464e-14
0.618	2.1415410210195136e-14
0.62	2.1383000733936716e-14
0.622	2.1350216951496727e-14
0.624	2.1317433170040712e-14
0.626	2.128464938946797e-14
0.628	2.1251865609677783e-14
0.63	2.1219081830569437e-14
0.632	2.1186298052042227e-14
0.634	2.1153514273995448e-14
0.636	2.1120730496328377e-14
0.638	2.108794671894031e-14
0.64	2.1055162941730534e-14
0.642	2.1022029689231025e-14
0.644	2.0988896436478264e-14
0.646	2.0955763183370458e-14
0.648	2.0922629929805807e-14
0.65	2.0889496675682544e-14
0.652	2.0856363420898867e-14
0.654	2.0823230165353e-14
0.656	2.0790096908943152e-14
0.658	2.0756963651567533e-14
0.66	2.0723830393124358e-14
0.662	2.069037204615855e-14
0.664	2.0656913697700885e-14
0.666	2.0623455347648566e-14
0.668	2.0589996995898805e-14
0.67	2.0556538642348828e-14
0.672	2.0523080286895835e-14
0.674	2.048962192943705e-14
0.676	2.045616356986967e-14
0.678	2.042270520809091e-14
0.68	2.0389246843997996e-14
0.682	2.0355487374002353e-14
0.684	2.032172790127635e-14
0.686	2.028796842571628e-14
0.6880000000000001	2.025420894721842e-14
0.6900000000000001	2.022044946567905e-14
0.6920000000000001	2.0186689980994463e-14
0.6940000000000001	2.0152930493060947e-14
0.6960000000000001	2.011917100177477e-14
0.6980000000000001	2.008541150703223e-14
0.7000000000000001	2.0051652008729607e-14
0.7020000000000001	2.001761501759103e-14
0.7040000000000001	1.9983578022485142e-14
0.7060000000000001	1.9949541023307394e-14
0.7080000000000001	1.9915504019953196e-14
0.7100000000000001	1.9881467012317988e-14
0.7120000000000001	1.9847430000297196e-14
0.7140000000000001	1.981339298378625e-14
0.7160000000000001	1.9779355962680576e-14
0.7180000000000001	1.9745318936875604e-14
0.7200000000000001	1.9711281906266763e-14
0.7220000000000001	1.967699066585415e-14
0.724	1.9642699420240308e-14
0.726	1.9608408169319856e-14
0.728	1.9574116912987452e-14
0.73	1.9539825651137742e-14
0.732	1.950553438366538e-14
0.734	1.947124311046499e-14
0.736	1.943695183143123e-14
0.738	1.9402660546458747e-14
0.74	1.9368369255442167e-14
0.742	1.9333846736596453e-14
0.744	1.9299324211319998e-14
0.746	1.926480167950673e-14
0.748	1.9230279141050574e-14
0.75	1.919575659584547e-14
0.752	1.9161234043785355e-14
0.754	1.9126711484764144e-14
0.756	1.9092188918675772e-14
0.758	1.9057666345414183e-14
0.76	1.9023143764873292e-14
0.762	1.898841267128453e-14
0.764	1.89536815700414e-14
0.766	1.8918950461037187e-14
0.768	1.8884219344165178e-14
0.77	1.884948821931866e-14
0.772	1.8814757086390924e-14
0.774	1.8780025945275253e-14
0.776	1.874529479586493e-14
0.778	1.8710563638053252e-14
0.78	1.8675832471733487e-14
0.782	1.8640915269922418e-14
0.784	1.8605998059240665e-14
0.786	1.857108083958094e-14
0.788	1.8536163610835956e-14
0.79	1.8501246372898425e-14
0.792	1.846632912566106e-14
0.794	1.8431411869016568e-14
0.796	1.8396494602857667e-14
0.798	1.8361577327077064e-14
0.8	1.832666004156747e-14
0.802	1.8291578989850676e-14
0.804	1.825649792805564e-14
0.806	1.8221416856074556e-14
0.808	1.818633577379964e-14
0.81	1.81512546811231e-14
0.812	1.8116173577937135e-14
0.8140000000000001	1.8081092464133952e-14
0.8160000000000001	1.8046011339605744e-14
0.8180000000000001	1.8010930204244734e-14
0.8200000000000001	1.7975849057943114e-14
0.8220000000000001	1.794062623535094e-14
0.8240000000000001	1.7905403401483157e-14
0.8260000000000001	1.787018055623153e-14
0.8280000000000001	1.783495769948782e-14
0.8300000000000001	1.77997348311438e-14
0.8320000000000001	1.7764511951091236e-14
0.8340000000000001	1.772928905922189e-14
0.8360000000000001	1.7694066155427524e-14
0.8380000000000001	1.765884323959991e-14
0.8400000000000001	1.7623620311630804e-14
0.8420000000000001	1.7588277645971073e-14
0.8440000000000001	1.755293496785001e-14
0.8460000000000001	1.7517592277159008e-14
0.8480000000000001	1.7482249573789466e-14
0.8500000000000001	1.744690685763278e-14
0.8520000000000001	1.741156412858034e-14
0.854	1.737622138652354e-14
0.856	1.7340878631353773e-14
0.858	1.730553586296243e-14
0.86	1.7270193081240905e-14
0.862	1.7234752377549216e-14
0.864	1.7199311660223588e-14
0.866	1.7163870929155113e-14
0.868	1.7128430184234874e-14
0.87	1.7092989425353965e-14
0.872	1.7057548652403476e-14
0.874	1.702210786527449e-14
0.876	1.6986667063858097e-14
0.878	1.6951226248045387e-14
0.88	1.6915785417727444e-14
0.882	1.6880268386522585e-14
0.884	1.684475134052577e-14
0.886	1.6809234279627836e-14
0.888	1.677371720371965e-14
0.89	1.6738200112692058e-14
0.892	1.6702683006435906e-14
0.894	1.6667165884842043e-14
0.896	1.663164874780132e-14
0.898	1.6596131595204593e-14
0.9	1.6560614426942702e-14
0.902	1.6525042713209785e-14
0.904	1.6489470983542965e-14
0.906	1.645389923783293e-14
0.908	1.641832747597035e-14
0.91	1.6382755697845906e-14
0.912	1.634718390335028e-14
0.914	1.6311612092374147e-14
0.916	1.6276040264808184e-14
0.918	1.6240468420543064e-14
0.92	1.6204896559469467e-14
0.922	1.61692917701608e-14
0.924	1.6133686963793893e-14
0.926	1.609808214025931e-14
0.928	1.6062477299447648e-14
0.93	1.6026872441249458e-14
0.932	1.599126756555532e-14
0.934	1.5955662672255803e-14
0.936	1.5920057761241483e-14
0.9380000000000001	1.5884452832402926e-14
0.9400000000000001	1.5848847885630705e-14
0.9420000000000001	1.5813231631902134e-14
0.9440000000000001	1.577761536001013e-14
0.9460000000000001	1.574199906984523e-14
0.9480000000000001	1.570638276129797e-14
0.9500000000000001	1.567076643425888e-14
0.9520000000000001	1.5635150088618497e-14
0.9540000000000001	1.5599533724267346e-14
0.9560000000000001	1.5563917341095965e-14
0.9580000000000001	1.552830093899488e-14
0.9600000000000001	1.5492684517854625e-14
0.9620000000000001	1.5457078424765727e-14
0.9640000000000001	1.5421472312428922e-14
0.9660000000000001	1.538586618073477e-14
0.9680000000000001	1.535026002957384e-14
0.9700000000000001	1.531465385883668e-14
0.9720000000000001	1.527904766841386e-14
0.9740000000000001	1.5243441458195934e-14
0.9760000000000001	1.520783522807346e-14
0.9780000000000001	1.5172228977936992e-14
0.98	1.5136622707677098e-14
0.982	1.5101048470982358e-14
0.984	1.5065474213977577e-14
0.986	1.5029899936553403e-14
0.988	1.499432563860049e-14
0.99	1.4958751320009492e-14
0.992	1.4923176980671062e-14
0.994	1.4887602620475853e-14
0.996	1.4852028239314517e-14
0.998	1.4816453837077704e-14
1.	1.4780879413656066e-14
1.002	1.474535882467978e-14
1.004	1.4709838214355305e-14
1.006	1.4674317582573445e-14
1.008	1.4638796929225012e-14
1.01	1.460327625420082e-14
1.012	1.4567755557391693e-14
1.014	1.4532234838688434e-14
1.016	1.4496714097981857e-14
1.018	1.4461193335162776e-14
1.02	1.4425672550122e-14
1.022	1.4390227536586238e-14
1.024	1.4354782500689818e-14
1.026	1.4319337442323784e-14
1.028	1.428389236137918e-14
1.03	1.4248447257747046e-14
1.032	1.4213002131318427e-14
1.034	1.4177556981984355e-14
1.036	1.4142111809635876e-14
1.038	1.4106666614164023e-14
1.04	1.407122139545984e-14
1.042	1.403587406264105e-14
1.044	1.4000526706476605e-14
1.046	1.3965179326857839e-14
1.048	1.3929831923676096e-14
1.05	1.3894484496822699e-14
1.052	1.3859137046188997e-14
1.054	1.3823789571666321e-14
1.056	1.3788442073146006e-14
1.058	1.375309455051939e-14
1.06	1.3717747003677801e-14
1.062	1.3682519678340599e-14
1.064	1.3647292328702012e-14
1.066	1.3612064954653751e-14
1.068	1.3576837556087522e-14
1.07	1.3541610132895019e-14
1.072	1.3506382684967942e-14
1.074	1.3471155212197992e-14
1.076	1.3435927714476871e-14
1.078	1.3400700191696275e-14
1.08	1.3365472643747904e-14
1.082	1.3330387920893984e-14
1.084	1.3295303172814156e-14
1.086	1.3260218399400545e-14
1.088	1.3225133600545292e-14
1.09	1.3190048776140526e-14
1.092	1.315496392607838e-14
1.094	1.3119879050250996e-14
1.096	1.3084794148550499e-14
1.098	1.3049709220869025e-14
1.1	1.3014624267098704e-14
1.102	1.2979705059487396e-14
1.104	1.2944785825758791e-14
1.106	1.2909866565805534e-14
1.108	1.2874947279520264e-14
1.11	1.2840027966795616e-14
1.112	1.280510862752423e-14
1.114	1.2770189261598744e-14
1.116	1.2735269868911792e-14
1.118	1.2700350449356004e-14
1.12	1.2665431002824026e-14
1.122	1.2630700592458252e-14
1.124	1.2595970155119033e-14
1.1260000000000001	1.256123969069959e-14
1.1280000000000001	1.2526509199093134e-14
1.1300000000000001	1.2491778680192872e-14
1.1320000000000001	1.2457048133892028e-14
1.1340000000000001	1.242231756008381e-14
1.1360000000000001	1.2387586958661426e-14
1.1380000000000001	1.2352856329518097e-14
1.1400000000000001	1.231812567254702e-14
1.1420000000000001	1.2283607766325658e-14
1.1440000000000001	1.2249089832312096e-14
1.1460000000000001	1.2214571870400206e-14
1.1480000000000001	1.2180053880483844e-14
1.1500000000000001	1.2145535862456875e-14
1.1520000000000001	1.2111017816213158e-14
1.1540000000000001	1.2076499741646554e-14
1.1560000000000001	1.2041981638650923e-14
1.1580000000000001	1.2007463507120127e-14
1.1600000000000001	1.1972945346948025e-14
1.1620000000000001	1.1938664128525469e-14
1.1640000000000001	1.190438288153163e-14
1.1660000000000001	1.1870101605861096e-14
1.1680000000000001	1.1835820301408445e-14
1.1700000000000002	1.1801538968068264e-14
1.1720000000000002	1.1767257605735142e-14
1.174	1.1732976214303659e-14
1.176	1.1698694793668394e-14
1.178	1.1664413343723933e-14
1.18	1.1630131864364851e-14
1.182	1.1596111531876756e-14
1.184	1.1562091170079702e-14
1.186	1.1528070778869073e-14
1.188	1.1494050358140259e-14
1.19	1.1460029907788632e-14
1.192	1.142600942770958e-14
1.194	1.1391988917798473e-14
1.196	1.1357968377950703e-14
1.198	1.132394780806164e-14
1.2	1.1289927208026667e-14
1.202	1.1256194615734949e-14
1.204	1.1222461993443036e-14
1.206	1.118872934104718e-14
1.208	1.1154996658443651e-14
1.21	1.1121263945528702e-14
1.212	1.1087531202198602e-14
1.214	1.1053798428349608e-14
1.216	1.1020065623877973e-14
1.218	1.0986332788679961e-14
1.22	1.095259992265183e-14
1.222	1.0919179442665467e-14
1.224	1.0885758932032907e-14
1.226	1.085233839065136e-14
1.228	1.0818917818418044e-14
1.23	1.0785497215230178e-14
1.232	1.0752076580984972e-14
1.234	1.0718655915579641e-14
1.236	1.06852352189114e-14
1.238	1.0651814490877462e-14
1.24	1.061839373137504e-14
1.242	1.0585312482450269e-14
1.244	1.0552231202283786e-14
1.246	1.0519149890773846e-14
1.248	1.0486068547818704e-14
1.25	1.045298717331661e-14
1.252	1.041990576716582e-14
1.254	1.0386824329264585e-14
1.256	1.0353742859511158e-14
1.258	1.0320661357803787e-14
1.26	1.0287579824040724e-14
1.262	1.0254865080407436e-14
1.264	1.0222150304989568e-14
1.266	1.0189435497686488e-14
1.268	1.0156720658397579e-14
1.27	1.0124005787022208e-14
1.272	1.0091290883459757e-14
1.274	1.0058575947609596e-14
1.276	1.0025860979371101e-14
1.278	9.993145978643642e-15
1.28	9.960430945326591e-15
1.282	9.928110678634517e-15
1.284	9.895790379670504e-15
1.286	9.863470048335125e-15
1.288	9.831149684528966e-15
1.29	9.798829288152615e-15
1.292	9.766508859106651e-15
1.294	9.734188397291654e-15
1.296	9.70186790260821e-15
1.298	9.669547374956898e-15
1.3	9.637226814238294e-15
1.302	9.605329656802483e-15
1.304	9.573432466665765e-15
1.306	9.541535243730021e-15
1.308	9.50963798789713e-15
1.31	9.477740699068974e-15
1.312	9.44584337714743e-15
1.314	9.413946022034375e-15
1.316	9.382048633631689e-15
1.318	9.350151211841246e-15
1.32	9.318253756564923e-15
1.322	9.286808942914424e-15
1.324	9.25536409619533e-15
1.326	9.22391921631091e-15
1.328	9.19247430316443e-15
1.33	9.161029356659157e-15
1.332	9.129584376698351e-15
1.334	9.098139363185282e-15
1.336	9.066694316023207e-15
1.338	9.035249235115391e-15
1.34	9.0038041203651e-15
1.342	8.972841383160566e-15
1.344	8.941878612583809e-15
1.346	8.910915808539573e-15
1.348	8.879952970932602e-15
1.35	8.848990099667644e-15
1.352	8.818027194649433e-15
1.354	8.787064255782715e-15
1.356	8.75610128297223e-15
1.358	8.725138276122723e-15
1.36	8.694175235138924e-15
1.362	8.663724649591163e-15
1.364	8.633274030434215e-15
1.366	8.602823377574406e-15
1.368	8.572372690918042e-15
1.37	8.541921970371437e-15
1.372	8.511471215840908e-15
1.374	8.481020427232764e-15
1.3760000000000001	8.450569604453315e-15
1.3780000000000001	8.420118747408872e-15
1.3800000000000001	8.389667856005747e-15
1.3820000000000001	8.359759624925555e-15
1.3840000000000001	8.329851360068234e-15
1.3860000000000001	8.29994306134176e-15
1.3880000000000001	8.270034728654113e-15
1.3900000000000001	8.24012636191327e-15
1.3920000000000001	8.210217961027205e-15
1.3940000000000001	8.180309525903892e-15
1.3960000000000001	8.150401056451315e-15
1.3980000000000001	8.120492552577433e-15
1.4000000000000001	8.090584014190228e-15
1.4020000000000001	8.061248191103396e-15
1.4040000000000001	8.03191233414245e-15
1.4060000000000001	8.002576443217127e-15
1.4080000000000001	7.973240518237161e-15
1.4100000000000001	7.943904559112283e-15
1.4120000000000001	7.914568565752224e-15
1.4140000000000001	7.88523253806672e-15
1.4160000000000001	7.855896475965495e-15
1.4180000000000001	7.826560379358284e-15
1.4200000000000002	7.797224248154812e-15
1.4220000000000002	7.768490393367685e-15
1.4240000000000002	7.739756504681867e-15
1.4260000000000002	7.711022582008945e-15
1.428	7.682288625260497e-15
1.43	7.653554634348094e-15
1.432	7.624820609183327e-15
1.434	7.596086549677769e-15
1.436	7.567352455742997e-15
1.438	7.538618327290589e-15
1.44	7.509884164232122e-15
1.442	7.481780942196042e-15
1.444	7.4536776863099e-15
1.446	7.425574396487208e-15
1.448	7.39747107264149e-15
1.45	7.369367714686258e-15
1.452	7.341264322535023e-15
1.454	7.313160896101302e-15
1.456	7.285057435298608e-15
1.458	7.25695394004045e-15
1.46	7.228850410240345e-15
1.462	7.201405136233416e-15
1.464	7.173959828498294e-15
1.466	7.146514486950512e-15
1.468	7.119069111505608e-15
1.47	7.091623702079114e-15
1.472	7.0641782585865686e-15
1.474	7.036732780943498e-15
1.476	7.00928726906544e-15
1.478	6.981841722867928e-15
1.48	6.9543961422664876e-15
1.482	6.927634297285365e-15
1.484	6.9008724187703315e-15
1.486	6.874110506639019e-15
1.488	6.8473485608090666e-15
1.49	6.820586581198103e-15
1.492	6.79382456772376e-15
1.494	6.767062520303673e-15
1.496	6.740300438855471e-15
1.498	6.713538323296784e-15
1.5	6.686776173545242e-15
1.502	6.660720912312942e-15
1.504	6.634665617811683e-15
1.506	6.608610289961264e-15
1.508	6.582554928681487e-15
1.51	6.5564995338921624e-15
1.512	6.5304441055130875e-15
1.514	6.504388643464064e-15
1.516	6.478333147664893e-15
1.518	6.452277618035376e-15
1.52	6.426222054495312e-15
1.522	6.400893736886268e-15
1.524	6.375565386341178e-15
1.526	6.35023700278208e-15
1.528	6.324908586131011e-15
1.53	6.299580136310003e-15
1.532	6.274251653241096e-15
1.534	6.248923136846322e-15
1.536	6.223594587047714e-15
1.538	6.198266003767304e-15
1.54	6.172937386927128e-15
1.542	6.1483531668152494e-15
1.544	6.123768914164608e-15
1.546	6.099184628899524e-15
1.548	6.07460031094432e-15
1.55	6.0500159602233174e-15
1.552	6.02543157666084e-15
1.554	6.000847160181203e-15
1.556	5.9762627107087285e-15
1.558	5.951678228167735e-15
1.56	5.92709371248254e-15
1.562	5.903267214970685e-15
1.564	5.879440685377295e-15
1.566	5.8556141236290155e-15
1.568	5.831787529652501e-15
1.57	5.8079609033743995e-15
1.572	5.7841342447213605e-15
1.574	5.7603075536200294e-15
1.576	5.736480829997056e-15
1.578	5.712654073779087e-15
1.58	5.6888272848927665e-15
1.582	5.6657683986630315e-15
1.584	5.642709480863854e-15
1.586	5.6196505314242414e-15
1.588	5.596591550273204e-15
1.59	5.573532537339748e-15
1.592	5.550473492552882e-15
1.594	5.527414415841613e-15
1.596	5.5043553071349466e-15
1.598	5.481296166361886e-15
1.6	5.45823699345144e-15
1.602	5.435951793589653e-15
1.604	5.41366656271983e-15
1.606	5.391381300773359e-15
1.608	5.3690960076816265e-15
1.61	5.3468106833760175e-15
1.612	5.324525327787918e-15
1.614	5.302239940848709e-15
1.616	5.2799545224897784e-15
1.618	5.257669072642507e-15
1.62	5.235383591238277e-15
1.622	5.2138743948773704e-15
1.624	5.1923651681133426e-15
1.6260000000000001	5.170855910879962e-15
1.6280000000000001	5.149346623111004e-15
1.6300000000000001	5.127837304740234e-15
1.6320000000000001	5.106327955701427e-15
1.6340000000000001	5.08481857592835e-15
1.6360000000000001	5.063309165354772e-15
1.6380000000000001	5.0417997239144596e-15
1.6400000000000001	5.0202902515411835e-15
1.6420000000000001	4.999555794254144e-15
1.6440000000000001	4.978821307206538e-15
1.6460000000000001	4.958086790334517e-15
1.6480000000000001	4.937352243574236e-15
1.6500000000000001	4.916617666861843e-15
1.6520000000000001	4.895883060133494e-15
1.6540000000000001	4.875148423325336e-15
1.6560000000000001	4.85441375637352e-15
1.6580000000000001	4.833679059214198e-15
1.6600000000000001	4.812944331783516e-15
1.6620000000000001	4.792980039737985e-15
1.6640000000000001	4.773015718606355e-15
1.6660000000000001	4.75305136832715e-15
1.6680000000000001	4.733086988838889e-15
1.6700000000000002	4.713122580080091e-15
1.6720000000000002	4.693158141989276e-15
1.6740000000000002	4.673193674504963e-15
1.6760000000000002	4.6532291775656686e-15
1.6780000000000002	4.63326465110991e-15
1.6800000000000002	4.6133000950762034e-15
1.6820000000000002	4.594098418684757e-15
1.6840000000000002	4.574896713908142e-15
1.686	4.555694980687225e-15
1.688	4.536493218962866e-15
1.69	4.517291428675933e-15
1.692	4.4980896097672905e-15
1.694	4.478887762177799e-15
1.696	4.45968588584832e-15
1.698	4.44048398071972e-15
1.7	4.421282046732856e-15
1.702	4.402832817258666e-15
1.704	4.3843835601215814e-15
1.706	4.365934275264781e-15
1.708	4.347484962631443e-15
1.71	4.329035622164747e-15
1.712	4.3105862538078675e-15
1.714	4.292136857503983e-15
1.716	4.2736874331962694e-15
1.718	4.255237980827903e-15
1.72	4.236788500342058e-15
1.722	4.219079272018632e-15
1.724	4.201370016771186e-15
1.726	4.183660734545173e-15
1.728	4.1659514252860476e-15
1.73	4.148242088939262e-15
1.732	4.1305327254502715e-15
1.734	4.112823334764526e-15
1.736	4.095113916827478e-15
1.738	4.077404471584579e-15
1.74	4.059694998981278e-15
1.742	4.042711344880309e-15
1.744	4.0257276646063604e-15
1.746	4.008743958107119e-15
1.748	3.991760225330269e-15
1.75	3.9747764662234966e-15
1.752	3.957792680734484e-15
1.754	3.9408088688109165e-15
1.756	3.923825030400478e-15
1.758	3.906841165450849e-15
1.76	3.8898572739097116e-15
1.762	3.873583012597718e-15
1.764	3.85730872587175e-15
1.766	3.841034413681679e-15
1.768	3.824760075977372e-15
1.77	3.808485712708692e-15
1.772	3.7922113238255075e-15
1.774	3.7759369092776836e-15
1.776	3.7596624690150855e-15
1.778	3.743388002987578e-15
1.78	3.727113511145023e-15
1.782	3.711531148878904e-15
1.784	3.695948761962228e-15
1.786	3.680366350346989e-15
1.788	3.664783913985184e-15
1.79	3.649201452828807e-15
1.792	3.6336189668298515e-15
1.794	3.61803645594031e-15
1.796	3.602453920112179e-15
1.798	3.58687135929745e-15
1.8	3.571288773448115e-15
1.802	3.556380813306109e-15
1.804	3.5414728292801082e-15
1.806	3.5265648213241805e-15
1.808	3.511656789392397e-15
1.81	3.4967487334388262e-15
1.812	3.481840653417536e-15
1.814	3.4669325492825965e-15
1.816	3.4520244209880747e-15
1.818	3.4371162684880384e-15
1.82	3.422208091736553e-15
1.822	3.4079561059585896e-15
1.824	3.3937040970633453e-15
1.826	3.379452065006907e-15
1.828	3.3652000097453647e-15
1.83	3.3509479312348025e-15
1.832	3.336695829431311e-15
1.834	3.3224437042909735e-15
1.836	3.308191555769876e-15
1.838	3.2939393838241063e-15
1.84	3.279687188409748e-15
1.842	3.2660712977546076e-15
1.844	3.252455384744992e-15
1.846	3.2388394493389453e-15
1.848	3.2252234914945125e-15
1.85	3.2116075111697393e-15
1.852	3.197991508322668e-15
1.854	3.1843754829113435e-15
1.856	3.170759434893807e-15
1.858	3.1571433642281012e-15
1.86	3.1435272708722693e-15
1.862	3.13052602143029e-15
1.864	3.117524750388298e-15
1.866	3.104523457706232e-15
1.868	3.0915221433440254e-15
1.87	3.0785208072616145e-15
1.872	3.065519449418934e-15
1.874	3.052518069775919e-15
1.8760000000000001	3.039516668292503e-15
1.8780000000000001	3.02651524492862e-15
1.8800000000000001	3.013513799644204e-15
1.8820000000000001	3.0011040079808694e-15
1.8840000000000001	2.9886941954587665e-15
1.8860000000000001	2.976284362039653e-15
1.8880000000000001	2.9638745076852843e-15
1.8900000000000001	2.951464632357416e-15
1.8920000000000001	2.9390547360178028e-15
1.8940000000000001	2.926644818628198e-15
1.8960000000000001	2.9142348801503584e-15
1.8980000000000001	2.9018249205460355e-15
1.9000000000000001	2.889414939776984e-15
1.9020000000000001	2.8775715253943015e-15
1.9040000000000001	2.8657280908755134e-15
1.9060000000000001	2.8538846361841198e-15
1.9080000000000001	2.8420411612836176e-15
1.9100000000000001	2.8301976661375064e-15
1.9120000000000001	2.818354150709283e-15
1.9140000000000001	2.806510614962446e-15
1.9160000000000001	2.794667058860492e-15
1.9180000000000001	2.7828234823669167e-15
1.9200000000000002	2.770979885445219e-15
1.9220000000000002	2.7596709068852083e-15
1.9240000000000002	2.7483619088778493e-15
1.9260000000000002	2.7370528913882836e-15
1.9280000000000002	2.725743854381656e-15
1.9300000000000002	2.7144347978231077e-15
1.9320000000000002	2.7031257216777835e-15
1.9340000000000002	2.691816625910823e-15
1.9360000000000002	2.6805075104873696e-15
1.9380000000000002	2.6691983753725648e-15
1.94	2.65788922053155e-15
1.942	2.647076769588733e-15
1.944	2.6362642998392396e-15
1.946	2.6254518112497416e-15
1.948	2.6146393037869106e-15
1.95	2.603826777417417e-15
1.952	2.5930142321079317e-15
1.954	2.582201667825124e-15
1.956	2.571389084535665e-15
1.958	2.560576482206224e-15
1.96	2.5497638608034686e-15
1.962	2.5394229627004863e-15
1.964	2.529082046406718e-15
1.966	2.5187411118902884e-15
1.968	2.5084001591193203e-15
1.97	2.498059188061934e-15
1.972	2.4877181986862528e-15
1.974	2.4773771909603973e-15
1.976	2.4670361648524896e-15
1.978	2.4566951203306486e-15
1.98	2.446354057362996e-15
1.982	2.4364572952998644e-15
1.984	2.426560515630302e-15
1.986	2.4166637183237974e-15
1.988	2.4067669033498407e-15
1.99	2.39687007067792e-15
1.992	2.386973220277524e-15
1.994	2.3770763521181422e-15
1.996	2.3671794661692603e-15
1.998	2.3572825624003683e-15
2.	2.347385640780952e-15
2.002	2.337904281581654e-15
2.004	2.328422905324066e-15
2.006	2.3189415119789596e-15
2.008	2.309460101517098e-15
2.01	2.299978673909253e-15
2.012	2.290497229126187e-15
2.014	2.281015767138672e-15
2.016	2.2715342879174696e-15
2.018	2.2620527914333493e-15
2.02	2.252571277657074e-15
2.0220000000000002	2.243492881213896e-15
2.024	2.2344144682560872e-15
2.0260000000000002	2.2253360387556527e-15
2.028	2.2162575926846036e-15
2.0300000000000002	2.2071791300149437e-15
2.032	2.1981006507186853e-15
2.0340000000000003	2.1890221547678306e-15
2.036	2.1799436421343896e-15
2.0380000000000003	2.1708651127903665e-15
2.04	2.16178656670777e-15
2.0420000000000003	2.153106669679917e-15
2.044	2.1444267566924165e-15
2.0460000000000003	2.135746827718498e-15
2.048	2.127066882731403e-15
2.0500000000000003	2.1183869217043587e-15
2.052	2.109706944610605e-15
2.0540000000000003	2.1010269514233712e-15
2.056	2.0923469421158953e-15
2.0580000000000003	2.0836669166614053e-15
2.06	2.0749868750331385e-15
2.0620000000000003	2.066699045012189e-15
2.064	2.058411199593418e-15
2.0660000000000003	2.050123338751263e-15
2.068	2.0418354624601685e-15
2.07	2.0335475706945756e-15
2.072	2.0252596634289233e-15
2.074	2.016971740637655e-15
2.076	2.008683802295208e-15
2.078	2.0003958483760268e-15
2.08	1.9921078788545463e-15
2.082	1.984203168732128e-15
2.084	1.9762984437747236e-15
2.086	1.9683937039579555e-15
2.088	1.9604889492574427e-15
2.09	1.9525841796488097e-15
2.092	1.9446793951076744e-15
2.094	1.9367745956096594e-15
2.096	1.9288697811303826e-15
2.098	1.9209649516454663e-15
2.1	1.913060107130527e-15
2.102	1.9055264518450887e-15
2.104	1.89799278228115e-15
2.106	1.8904590984154787e-15
2.108	1.8829254002248357e-15
2.11	1.8753916876859874e-15
2.112	1.8678579607756936e-15
2.114	1.8603242194707207e-15
2.116	1.8527904637478287e-15
2.118	1.8452566935837834e-15
2.12	1.837722908955343e-15
2.122	1.8305443402166543e-15
2.124	1.82336575774024e-15
2.126	1.8161871615039623e-15
2.128	1.8090085514856744e-15
2.13	1.8018299276632374e-15
2.132	1.794651290014504e-15
2.134	1.787472638517335e-15
2.136	1.7802939731495824e-15
2.138	1.7731152938891063e-15
2.14	1.7659366007137585e-15
2.142	1.759092222350204e-15
2.144	1.752247830762014e-15
2.146	1.7454034259280796e-15
2.148	1.738559007827283e-15
2.15	1.7317145764385151e-15
2.152	1.7248701317406578e-15
2.154	1.7180256737126001e-15
2.156	1.7111812023332243e-15
2.158	1.7043367175814191e-15
2.16	1.6974922194360665e-15
2.162	1.6909548660494224e-15
2.164	1.684417499908145e-15
2.166	1.6778801209920687e-15
2.168	1.6713427292810237e-15
2.17	1.6648053247548433e-15
2.172	1.6582679073933567e-15
2.174	1.6517304771763982e-15
2.176	1.6451930340837969e-15
2.178	1.6386555780953848e-15
2.18	1.6321181091909903e-15
2.182	1.6258527180729979e-15
2.184	1.6195873146076565e-15
2.186	1.613321898775638e-15
2.188	1.6070564705576099e-15
2.19	1.6007910299342436e-15
2.192	1.5945255768862052e-15
2.194	1.588260111394167e-15
2.196	1.5819946334387938e-15
2.198	1.5757291430007579e-15
2.2	1.5694636400607232e-15
2.202	1.5634423214946914e-15
2.204	1.5574209909395594e-15
2.206	1.5513996483767503e-15
2.208	1.5453782937876833e-15
2.21	1.5393569271537822e-15
2.212	1.5333355484564633e-15
2.214	1.5273141576771507e-15
2.216	1.5212927547972614e-15
2.218	1.515271339798218e-15
2.22	1.509249912661437e-15
2.222	1.5034727745735058e-15
2.224	1.4976956248674957e-15
2.226	1.4919184635255826e-15
2.228	1.486141290529937e-15
2.23	1.4803641058627337e-15
2.232	1.474586909506143e-15
2.234	1.4688097014423394e-15
2.236	1.4630324816534927e-15
2.238	1.4572552501217769e-15
2.24	1.4514780068293606e-15
2.242	1.4459494153569764e-15
2.244	1.4404208126601093e-15
2.246	1.4348921987217017e-15
2.248	1.4293635735246885e-15
2.25	1.4238349370520108e-15
2.2520000000000002	1.4183062892866037e-15
2.254	1.4127776302114083e-15
2.2560000000000002	1.4072489598093587e-15
2.258	1.4017202780633956e-15
2.2600000000000002	1.3961915849564527e-15
2.262	1.3909167838565888e-15
2.2640000000000002	1.385641971950765e-15
2.266	1.3803671492227043e-15
2.2680000000000002	1.3750923156561252e-15
2.27	1.3698174712347494e-15
2.2720000000000002	1.364542615942295e-15
2.274	1.3592677497624838e-15
2.2760000000000002	1.353992872679033e-15
2.278	1.348717984675664e-15
2.2800000000000002	1.3434430857360936e-15
2.282	1.3384250448317374e-15
2.2840000000000003	1.333406993559926e-15
2.286	1.3283889319051739e-15
2.2880000000000003	1.3233708598519897e-15
2.29	1.3183527773848876e-15
2.2920000000000003	1.3133346844883755e-15
2.294	1.308316581146968e-15
2.2960000000000003	1.3032984673451722e-15
2.298	1.2982803430675016e-15
2.3000000000000003	1.2932622082984637e-15
2.302	1.2884908606098133e-15
2.3040000000000003	1.2837195029816234e-15
2.306	1.2789481353991677e-15
2.3080000000000003	1.2741767578477164e-15
2.31	1.2694053703125428e-15
2.3120000000000003	1.2646339727789164e-15
2.314	1.2598625652321105e-15
2.3160000000000003	1.2550911476573938e-15
2.318	1.2503197200400392e-15
2.3200000000000003	1.2455482823653148e-15
2.322	1.241033170338043e-15
2.3240000000000003	1.236518048834545e-15
2.326	1.2320029178408851e-15
2.328	1.2274877773431243e-15
2.33	1.2229726273273218e-15
2.332	1.2184574677795419e-15
2.334	1.2139422986858433e-15
2.336	1.2094271200322884e-15
2.338	1.204911931804937e-15
2.34	1.2003967339898503e-15
2.342	1.1961511646099948e-15
2.344	1.19190558626236e-15
2.346	1.187659998933837e-15
2.348	1.1834144026113201e-15
2.35	1.1791687972817003e-15
2.352	1.1749231829318723e-15
2.354	1.1706775595487256e-15
2.356	1.1664319271191549e-15
2.358	1.1621862856300491e-15
2.36	1.157940635068303e-15
2.362	1.1539781651952774e-15
2.364	1.1500156869096128e-15
2.366	1.1460532001990734e-15
2.368	1.142090705051427e-15
2.37	1.1381282014544374e-15
2.372	1.1341656893958724e-15
2.374	1.1302031688634951e-15
2.376	1.1262406398450729e-15
2.378	1.1222781023283684e-15
2.38	1.1183155563011496e-15
2.382	1.1146264042460294e-15
2.384	1.1109372443240501e-15
2.386	1.1072480765238193e-15
2.388	1.1035589008339468e-15
2.39	1.09986971724304e-15
2.392	1.0913373579150302e-15
2.394	1.0878419967124825e-15
2.396	1.084346628045838e-15
2.398	1.0808512519043023e-15
2.4	1.077355868277084e-15
2.402	1.0737123402331384e-15
2.404	1.070068804316868e-15
2.406	1.0664252605170196e-15
2.408	1.0627817088223436e-15
2.41	1.0591381492215868e-15
2.412	1.0554945817034995e-15
2.414	1.0518510062568281e-15
2.416	1.048207422870322e-15
2.418	1.044563831532728e-15
2.42	1.040920232232795e-15
2.422	1.0371123346881177e-15
2.424	1.0333044287503534e-15
2.426	1.0294965144077405e-15
2.428	1.0256885916485195e-15
2.43	1.0218806604609283e-15
2.432	1.0180727208332074e-15
2.434	1.0142647727535945e-15
2.436	1.0104568162103292e-15
2.438	1.0066488511916492e-15
2.44	1.0028408776857937e-15
2.442	9.988491073377623e-16
2.444	9.948573280185576e-16
2.446	9.908655397158475e-16
2.448	9.86873742417303e-16
2.45	9.828819361105925e-16
2.452	9.788901207833862e-16
2.454	9.748982964233526e-16
2.456	9.709064630181614e-16
2.458	9.669146205554799e-16
2.46	9.629227690229786e-16
2.462	9.58723213471085e-16
2.464	9.54523648300063e-16
2.466	9.503240734969367e-16
2.468	9.461244890487342e-16
2.47	9.41924894942479e-16
2.472	9.37725291165199e-16
2.474	9.335256777039166e-16
2.476	9.29326054545659e-16
2.478	9.2512642167745e-16
2.48	9.209267790863154e-16
2.482	9.164895726548902e-16
2.484	9.120523558696303e-16
2.486	9.076151287168233e-16
2.488	9.031778911827608e-16
2.49	8.987406432537303e-16
2.492	8.943033849160227e-16
2.494	8.89866116155925e-16
2.496	8.854288369597281e-16
2.498	8.809915473137184e-16
2.5	8.765542472041863e-16
2.5020000000000002	8.718412511344952e-16
2.504	8.671282438661204e-16
2.5060000000000002	8.624152253844957e-16
2.508	8.577021956750578e-16
2.5100000000000002	8.529891547232395e-16
2.512	8.482761025144781e-16
2.5140000000000002	8.435630390342056e-16
2.516	8.388499642678584e-16
2.5180000000000002	8.341368782008687e-16
2.52	8.294237808186723e-16
2.5220000000000002	8.243849501684918e-16
2.524	8.19346107331078e-16
2.5260000000000002	8.143072522908552e-16
2.528	8.092683850322506e-16
2.5300000000000002	8.042295055396884e-16
2.532	7.991906137975954e-16
2.5340000000000003	7.94151709790395e-16
2.536	7.891127935025142e-16
2.5380000000000003	7.840738649183756e-16
2.54	7.790349240224055e-16
2.5420000000000003	7.736023179907203e-16
2.544	7.681696985892669e-16
2.5460000000000003	7.627370658012491e-16
2.548	7.573044196098755e-16
2.5500000000000003	7.518717599983495e-16
2.552	7.464390869498792e-16
2.5540000000000003	7.410064004476674e-16
2.556	7.355737004749218e-16
2.5580000000000003	7.301409870148446e-16
2.56	7.247082600506429e-16
2.5620000000000003	7.187855028541676e-16
2.564	7.128627308317544e-16
2.5660000000000003	7.069399439650888e-16
2.568	7.010171422358614e-16
2.5700000000000003	6.950943256257573e-16
2.572	6.891714941164671e-16
2.5740000000000003	6.832486476896744e-16
2.576	6.773257863270695e-16
2.5780000000000003	6.714029100103359e-16
2.58	6.654800187211628e-16
2.582	6.58922098917899e-16
2.584	6.52364162423084e-16
2.586	6.458062092164423e-16
2.588	6.39248239277692e-16
2.59	6.326902525865565e-16
2.592	6.261322491227534e-16
2.594	6.195742288660056e-16
2.596	6.1301619179603e-16
2.598	6.064581378925489e-16
2.6	5.999000671352785e-16
2.602	5.924697576825399e-16
2.604	5.850394290065252e-16
2.606	5.776090810842574e-16
2.608	5.70178713892753e-16
2.61	5.627483274090347e-16
2.612	5.55317921610118e-16
2.614	5.478874964730248e-16
2.616	5.404570519747699e-16
2.618	5.330265880923746e-16
2.62	5.255961048028533e-16
2.622	5.168517868438995e-16
2.624	5.081074458967799e-16
2.626	4.993630819344497e-16
2.628	4.906186949298566e-16
2.63	4.818742848559555e-16
2.632	4.731298516856927e-16
2.634	4.643853953920225e-16
2.636	4.556409159478904e-16
2.638	4.468964133262497e-16
2.64	4.3815188750004515e-16
2.642	4.2705646267886097e-16
2.644	4.1596100822512067e-16
2.646	4.048655241045029e-16
2.648	3.9377001028267587e-16
2.65	3.8267446672531724e-16
2.652	0.
2.654	0.
2.656	0.
2.658	0.
2.66	0.
2.662	0.
2.664	0.
2.666	0.
2.668	0.
2.67	0.
2.672	0.
2.674	0.
2.676	0.
2.678	0.
2.68	0.
2.682	0.
2.684	0.
2.686	0.
2.688	0.
2.69	0.
2.692	0.
2.694	0.
2.696	0.
2.698	0.
2.7	0.
2.702	0.
2.704	0.
2.706	0.
2.708	0.
2.71	0.
2.712	0.
2.714	0.
2.716	0.
2.718	0.
2.72	0.
2.722	0.
2.724	0.
2.726	0.
2.728	0.
2.73	0.
2.732	0.
2.734	0.
2.736	0.
2.738	0.
2.74	0.
2.742	0.
2.744	0.
2.746	0.
2.748	0.
2.75	0.
2.7520000000000002	0.
2.754	0.
2.7560000000000002	0.
2.758	0.
2.7600000000000002	0.
2.762	0.
2.7640000000000002	0.
2.766	0.
2.7680000000000002	0.
2.77	0.
2.7720000000000002	0.
2.774	0.
2.7760000000000002	0.
2.778	0.
2.7800000000000002	0.
2.782	0.
2.7840000000000003	0.
2.786	0.
2.7880000000000003	0.
2.79	0.
2.7920000000000003	0.
2.794	0.
2.7960000000000003	0.
2.798	0.
2.8000000000000003	0.
2.802	0.
2.8040000000000003	0.
2.806	0.
2.8080000000000003	0.
2.81	0.
2.8120000000000003	0.
2.814	0.
2.8160000000000003	0.
2.818	0.
2.8200000000000003	0.
2.822	0.
2.8240000000000003	0.
2.826	0.
2.8280000000000003	0.
2.83	0.
2.8320000000000003	0.
2.834	0.
2.836	0.
2.838	0.
2.84	0.
2.842	0.
2.844	0.
2.846	0.
2.848	0.
2.85	0.
2.852	0.
2.854	0.
2.856	0.
2.858	0.
2.86	0.
2.862	0.
2.864	0.
2.866	0.
2.868	0.
2.87	0.
2.872	0.
2.874	0.
2.876	0.
2.878	0.
2.88	0.
2.882	0.
2.884	0.
2.886	0.
2.888	0.
2.89	0.
2.892	0.
2.894	0.
2.896	0.
2.898	0.
2.9	0.
2.902	0.
2.904	0.
2.906	0.
2.908	0.
2.91	0.
2.912	0.
2.914	0.
2.916	0.
2.918	0.
2.92	0.
2.922	0.
2.924	0.
2.926	0.
2.928	0.
2.93	0.
2.932	0.
2.934	0.
2.936	0.
2.938	0.
2.94	0.
2.942	0.
2.944	0.
2.946	0.
2.948	0.
2.95	0.
2.952	0.
2.954	0.
2.956	0.
2.958	0.
2.96	0.
2.962	0.
2.964	0.
2.966	0.
2.968	0.
2.97	0.
2.972	0.
2.974	0.
2.976	0.
2.978	0.
2.98	0.
2.982	0.
2.984	0.
2.986	0.
2.988	0.
2.99	0.
2.992	0.
2.994	0.
2.996	0.
2.998	0.
3.	0.
3.0020000000000002	0.
3.004	0.
3.0060000000000002	0.
3.008	0.
3.0100000000000002	0.
3.012	0.
3.0140000000000002	0.
3.016	0.
3.0180000000000002	0.
3.02	0.
3.0220000000000002	0.
3.024	0.
3.0260000000000002	0.
3.028	0.
3.0300000000000002	0.
3.032	0.
3.0340000000000003	0.
3.036	0.
3.0380000000000003	0.
3.04	0.
3.0420000000000003	0.
3.044	0.
3.0460000000000003	0.
3.048	0.
3.0500000000000003	0.
3.052	0.
3.0540000000000003	0.
3.056	0.
3.0580000000000003	0.
3.06	0.
3.0620000000000003	0.
3.064	0.
3.0660000000000003	0.
3.068	0.
3.0700000000000003	0.
3.072	0.
3.0740000000000003	0.
3.076	0.
3.0780000000000003	0.
3.08	0.
3.0820000000000003	0.
3.084	0.
3.0860000000000003	0.
3.088	0.
3.0900000000000003	0.
3.092	0.
3.094	0.
3.096	0.
3.098	0.
3.1	0.
3.102	0.
3.104	0.
3.106	0.
3.108	0.
3.11	0.
3.112	0.
3.114	0.
3.116	0.
3.118	0.
3.12	0.
3.122	0.
3.124	0.
3.126	0.
3.128	0.
3.13	0.
3.132	0.
3.134	0.
3.136	0.
3.138	0.
3.14	0.
3.142	0.
3.144	0.
3.146	0.
3.148	0.
3.15	0.
3.152	0.
3.154	0.
3.156	0.
3.158	0.
3.16	0.
3.162	0.
3.164	0.
3.166	0.
3.168	0.
3.17	0.
3.172	0.
3.174	0.
3.176	0.
3.178	0.
3.18	0.
3.182	0.
3.184	0.
3.186	0.
3.188	0.
3.19	0.
3.192	0.
3.194	0.
3.196	0.
3.198	0.
3.2	0.
3.202	0.
3.204	0.
3.206	0.
3.208	0.
3.21	0.
3.212	0.
3.214	0.
3.216	0.
3.218	0.
3.22	0.
3.222	0.
3.224	0.
3.226	0.
3.228	0.
3.23	0.
3.232	0.
3.234	0.
3.236	0.
3.238	0.
3.24	0.
3.242	0.
3.244	0.
3.246	0.
3.248	0.
3.25	0.
3.2520000000000002	0.
3.254	0.
3.2560000000000002	0.
3.258	0.
3.2600000000000002	0.
3.262	0.
3.2640000000000002	0.
3.266	0.
3.2680000000000002	0.
3.27	0.
3.2720000000000002	0.
3.274	0.
3.2760000000000002	0.
3.278	0.
3.2800000000000002	0.
3.282	0.
3.2840000000000003	0.
3.286	0.
3.2880000000000003	0.
3.29	0.
3.2920000000000003	0.
3.294	0.
3.2960000000000003	0.
3.298	0.
3.3000000000000003	0.
3.302	0.
3.3040000000000003	0.
3.306	0.
3.3080000000000003	0.
3.31	0.
3.3120000000000003	0.
3.314	0.
3.3160000000000003	0.
3.318	0.
3.3200000000000003	0.
3.322	0.
3.3240000000000003	0.
3.326	0.
3.3280000000000003	0.
3.33	0.
3.3320000000000003	0.
3.334	0.
3.3360000000000003	0.
3.338	0.
3.3400000000000003	0.
3.342	0.
3.3440000000000003	0.
3.346	0.
3.3480000000000003	0.
3.35	0.
3.352	0.
3.354	0.
3.356	0.
3.358	0.
3.36	0.
3.362	0.
3.364	0.
3.366	0.
3.368	0.
3.37	0.
3.372	0.
3.374	0.
3.376	0.
3.378	0.
3.38	0.
3.382	0.
3.384	0.
3.386	0.
3.388	0.
3.39	0.
3.392	0.
3.394	0.
3.396	0.
3.398	0.
3.4	0.
3.402	0.
3.404	0.
3.406	0.
3.408	0.
3.41	0.
3.412	0.
3.414	0.
3.416	0.
3.418	0.
3.42	0.
3.422	0.
3.424	0.
3.426	0.
3.428	0.
3.43	0.
3.432	0.
3.434	0.
3.436	0.
3.438	0.
3.44	0.
3.442	0.
3.444	0.
3.446	0.
3.448	0.
3.45	0.
3.452	0.
3.454	0.
3.456	0.
3.458	0.
3.46	0.
3.462	0.
3.464	0.
3.466	0.
3.468	0.
3.47	0.
3.472	0.
3.474	0.
3.476	0.
3.478	0.
3.48	0.
3.482	0.
3.484	0.
3.486	0.
3.488	0.
3.49	0.
3.492	0.
3.494	0.
3.496	0.
3.498	0.
3.5	0.
3.5020000000000002	0.
3.504	0.
3.5060000000000002	0.
3.508	0.
3.5100000000000002	0.
3.512	0.
3.5140000000000002	0.
3.516	0.
3.5180000000000002	0.
3.52	0.
3.5220000000000002	0.
3.524	0.
3.5260000000000002	0.
3.528	0.
3.5300000000000002	0.
3.532	0.
3.5340000000000003	0.
3.536	0.
3.5380000000000003	0.
3.54	0.
3.5420000000000003	0.
3.544	0.
3.5460000000000003	0.
3.548	0.
3.5500000000000003	0.
3.552	0.
3.5540000000000003	0.
3.556	0.
3.5580000000000003	0.
3.56	0.
3.5620000000000003	0.
3.564	0.
3.5660000000000003	0.
3.568	0.
3.5700000000000003	0.
3.572	0.
3.5740000000000003	0.
3.576	0.
3.5780000000000003	0.
3.58	0.
3.5820000000000003	0.
3.584	0.
3.5860000000000003	0.
3.588	0.
3.5900000000000003	0.
3.592	0.
3.5940000000000003	0.
3.596	0.
3.5980000000000003	0.
3.6	0.
3.6020000000000003	0.
3.604	0.
3.606	0.
3.608	0.
3.61	0.
3.612	0.
3.614	0.
3.616	0.
3.618	0.
3.62	0.
3.622	0.
3.624	0.
3.626	0.
3.628	0.
3.63	0.
3.632	0.
3.634	0.
3.636	0.
3.638	0.
3.64	0.
3.642	0.
3.644	0.
3.646	0.
3.648	0.
3.65	0.
3.652	0.
3.654	0.
3.656	0.
3.658	0.
3.66	0.
3.662	0.
3.664	0.
3.666	0.
3.668	0.
3.67	0.
3.672	0.
3.674	0.
3.676	0.
3.678	0.
3.68	0.
3.682	0.
3.684	0.
3.686	0.
3.688	0.
3.69	0.
3.692	0.
3.694	0.
3.696	0.
3.698	0.
3.7	0.
3.702	0.
3.704	0.
3.706	0.
3.708	0.
3.71	0.
3.712	0.
3.714	0.
3.716	0.
3.718	0.
3.72	0.
3.722	0.
3.724	0.
3.726	0.
3.728	0.
3.73	0.
3.732	0.
3.734	0.
3.736	0.
3.738	0.
3.74	0.
3.742	0.
3.744	0.
3.746	0.
3.748	0.
3.75	0.
3.7520000000000002	0.
3.754	0.
3.7560000000000002	0.
3.758	0.
3.7600000000000002	0.
3.762	0.
3.7640000000000002	0.
3.766	0.
3.7680000000000002	0.
3.77	0.
3.7720000000000002	0.
3.774	0.
3.7760000000000002	0.
3.778	0.
3.7800000000000002	0.
3.782	0.
3.7840000000000003	0.
3.786	0.
3.7880000000000003	0.
3.79	0.
3.7920000000000003	0.
3.794	0.
3.7960000000000003	0.
3.798	0.
3.8000000000000003	0.
3.802	0.
3.8040000000000003	0.
3.806	0.
3.8080000000000003	0.
3.81	0.
3.8120000000000003	0.
3.814	0.
3.8160000000000003	0.
3.818	0.
3.8200000000000003	0.
3.822	0.
3.8240000000000003	0.
3.826	0.
3.8280000000000003	0.
3.83	0.
3.8320000000000003	0.
3.834	0.
3.8360000000000003	0.
3.838	0.
3.8400000000000003	0.
3.842	0.
3.8440000000000003	0.
3.846	0.
3.8480000000000003	0.
3.85	0.
3.8520000000000003	0.
3.854	0.
3.8560000000000003	0.
3.858	0.
3.86	0.
3.862	0.
3.864	0.
3.866	0.
3.868	0.
3.87	0.
3.872	0.
3.874	0.
3.876	0.
3.878	0.
3.88	0.
3.882	0.
3.884	0.
3.886	0.
3.888	0.
3.89	0.
3.892	0.
3.894	0.
3.896	0.
3.898	0.
3.9	0.
3.902	0.
3.904	0.
3.906	0.
3.908	0.
3.91	0.
3.912	0.
3.914	0.
3.916	0.
3.918	0.
3.92	0.
3.922	0.
3.924	0.
3.926	0.
3.928	0.
3.93	0.
3.932	0.
3.934	0.
3.936	0.
3.938	0.
3.94	0.
3.942	0.
3.944	0.
3.946	0.
3.948	0.
3.95	0.
3.952	0.
3.954	0.
3.956	0.
3.958	0.
3.96	0.
3.962	0.
3.964	0.
3.966	0.
3.968	0.
3.97	0.
3.972	0.
3.974	0.
3.976	0.
3.978	0.
3.98	0.
3.982	0.
3.984	0.
3.986	0.
3.988	0.
3.99	0.
3.992	0.
3.994	0.
3.996	0.
3.998	0.
4.	0.
4.002	0.
4.004	0.
4.006	0.
4.008	0.
4.01	0.
4.012	0.
4.014	0.
4.016	0.
4.018	0.
4.02	0.
4.021999999999999	0.
4.024	0.
4.026	0.
4.028	0.
4.029999999999999	0.
4.032	0.
4.034	0.
4.036	0.
4.037999999999999	0.
4.04	0.
4.042	0.
4.044	0.
4.045999999999999	0.
4.048	0.
4.05	0.
4.052	0.
4.053999999999999	0.
4.056	0.
4.058	0.
4.06	0.
4.061999999999999	0.
4.064	0.
4.066	0.
4.068	0.
4.069999999999999	0.
4.072	0.
4.074	0.
4.076	0.
4.077999999999999	0.
4.08	0.
4.082	0.
4.084	0.
4.085999999999999	0.
4.088	0.
4.09	0.
4.092	0.
4.093999999999999	0.
4.096	0.
4.098	0.
4.1	0.
4.101999999999999	0.
4.104	0.
4.106	0.
4.108	0.
4.109999999999999	0.
4.112	0.
4.114	0.
4.116	0.
4.117999999999999	0.
4.119999999999999	0.
4.122	0.
4.124	0.
4.1259999999999994	0.
4.127999999999999	0.
4.13	0.
4.132	0.
4.1339999999999995	0.
4.135999999999999	0.
4.138	0.
4.14	0.
4.1419999999999995	0.
4.143999999999999	0.
4.146	0.
4.148	0.
4.1499999999999995	0.
4.151999999999999	0.
4.154	0.
4.156	0.
4.1579999999999995	0.
4.159999999999999	0.
4.162	0.
4.164	0.
4.1659999999999995	0.
4.167999999999999	0.
4.17	0.
4.172	0.
4.1739999999999995	0.
4.175999999999999	0.
4.178	0.
4.18	0.
4.1819999999999995	0.
4.183999999999999	0.
4.186	0.
4.188	0.
4.1899999999999995	0.
4.191999999999999	0.
4.194	0.
4.196	0.
4.1979999999999995	0.
4.199999999999999	0.
4.202	0.
4.204	0.
4.2059999999999995	0.
4.207999999999999	0.
4.21	0.
4.212	0.
4.2139999999999995	0.
4.215999999999999	0.
4.218	0.
4.22	0.
4.2219999999999995	0.
4.223999999999999	0.
4.226	0.
4.228	0.
4.2299999999999995	0.
4.231999999999999	0.
4.234	0.
4.236	0.
4.2379999999999995	0.
4.239999999999999	0.
4.242	0.
4.244	0.
4.2459999999999996	0.
4.247999999999999	0.
4.25	0.
4.252	0.
4.254	0.
4.255999999999999	0.
4.258	0.
4.26	0.
4.262	0.
4.263999999999999	0.
4.266	0.
4.268	0.
4.27	0.
4.271999999999999	0.
4.274	0.
4.276	0.
4.278	0.
4.279999999999999	0.
4.282	0.
4.284	0.
4.286	0.
4.287999999999999	0.
4.29	0.
4.292	0.
4.294	0.
4.295999999999999	0.
4.298	0.
4.3	0.
4.302	0.
4.303999999999999	0.
4.306	0.
4.308	0.
4.31	0.
4.311999999999999	0.
4.314	0.
4.316	0.
4.318	0.
4.319999999999999	0.
4.322	0.
4.324	0.
4.326	0.
4.327999999999999	0.
4.33	0.
4.332	0.
4.334	0.
4.335999999999999	0.
4.338	0.
4.34	0.
4.342	0.
4.343999999999999	0.
4.346	0.
4.348	0.
4.35	0.
4.351999999999999	0.
4.354	0.
4.356	0.
4.358	0.
4.359999999999999	0.
4.362	0.
4.364	0.
4.366	0.
4.367999999999999	0.
4.37	0.
4.372	0.
4.374	0.
4.3759999999999994	0.
4.377999999999999	0.
4.38	0.
4.382	0.
4.3839999999999995	0.
4.385999999999999	0.
4.388	0.
4.39	0.
4.3919999999999995	0.
4.393999999999999	0.
4.396	0.
4.398	0.
4.3999999999999995	0.
4.401999999999999	0.
4.404	0.
4.406	0.
4.4079999999999995	0.
4.409999999999999	0.
4.412	0.
4.414	0.
4.4159999999999995	0.
4.417999999999999	0.
4.42	0.
4.422	0.
4.4239999999999995	0.
4.425999999999999	0.
4.428	0.
4.43	0.
4.4319999999999995	0.
4.433999999999999	0.
4.436	0.
4.438	0.
4.4399999999999995	0.
4.441999999999999	0.
4.444	0.
4.446	0.
4.4479999999999995	0.
4.449999999999999	0.
4.452	0.
4.454	0.
4.4559999999999995	0.
4.457999999999999	0.
4.46	0.
4.462	0.
4.4639999999999995	0.
4.465999999999999	0.
4.468	0.
4.47	0.
4.4719999999999995	0.
4.473999999999999	0.
4.476	0.
4.478	0.
4.4799999999999995	0.
4.481999999999999	0.
4.484	0.
4.486	0.
4.4879999999999995	0.
4.489999999999999	0.
4.492	0.
4.494	0.
4.4959999999999996	0.
4.497999999999999	0.
4.5	0.
4.502	0.
4.504	0.
4.505999999999999	0.
4.508	0.
4.51	0.
4.512	0.
4.513999999999999	0.
4.516	0.
4.518	0.
4.52	0.
4.521999999999999	0.
4.524	0.
4.526	0.
4.528	0.
4.529999999999999	0.
4.532	0.
4.534	0.
4.536	0.
4.537999999999999	0.
4.54	0.
4.542	0.
4.544	0.
4.545999999999999	0.
4.548	0.
4.55	0.
4.552	0.
4.553999999999999	0.
4.556	0.
4.558	0.
4.56	0.
4.561999999999999	0.
4.564	0.
4.566	0.
4.568	0.
4.569999999999999	0.
4.572	0.
4.574	0.
4.576	0.
4.577999999999999	0.
4.58	0.
4.582	0.
4.584	0.
4.585999999999999	0.
4.588	0.
4.59	0.
4.592	0.
4.593999999999999	0.
4.596	0.
4.598	0.
4.6	0.
4.601999999999999	0.
4.604	0.
4.606	0.
4.608	0.
4.609999999999999	0.
4.612	0.
4.614	0.
4.616	0.
4.617999999999999	0.
4.62	0.
4.622	0.
4.624	0.
4.6259999999999994	0.
4.628	0.
4.63	0.
4.632	0.
4.6339999999999995	0.
4.635999999999999	0.
4.638	0.
4.64	0.
4.6419999999999995	0.
4.643999999999999	0.
4.646	0.
4.648	0.
4.6499999999999995	0.
4.651999999999999	0.
4.654	0.
4.656	0.
4.6579999999999995	0.
4.659999999999999	0.
4.662	0.
4.664	0.
4.6659999999999995	0.
4.667999999999999	0.
4.67	0.
4.672	0.
4.6739999999999995	0.
4.675999999999999	0.
4.678	0.
4.68	0.
4.6819999999999995	0.
4.683999999999999	0.
4.686	0.
4.688	0.
4.6899999999999995	0.
4.691999999999999	0.
4.694	0.
4.696	0.
4.6979999999999995	0.
4.699999999999999	0.
4.702	0.
4.704	0.
4.7059999999999995	0.
4.707999999999999	0.
4.71	0.
4.712	0.
4.7139999999999995	0.
4.715999999999999	0.
4.718	0.
4.72	0.
4.7219999999999995	0.
4.723999999999999	0.
4.726	0.
4.728	0.
4.7299999999999995	0.
4.731999999999999	0.
4.734	0.
4.736	0.
4.7379999999999995	0.
4.739999999999999	0.
4.742	0.
4.744	0.
4.7459999999999996	0.
4.747999999999999	0.
4.75	0.
4.752	0.
4.754	0.
4.755999999999999	0.
4.758	0.
4.76	0.
4.762	0.
4.763999999999999	0.
4.766	0.
4.768	0.
4.77	0.
4.771999999999999	0.
4.774	0.
4.776	0.
4.778	0.
4.779999999999999	0.
4.782	0.
4.784	0.
4.786	0.
4.787999999999999	0.
4.79	0.
4.792	0.
4.794	0.
4.795999999999999	0.
4.798	0.
4.8	0.
4.802	0.
4.803999999999999	0.
4.806	0.
4.808	0.
4.81	0.
4.811999999999999	0.
4.814	0.
4.816	0.
4.818	0.
4.819999999999999	0.
4.822	0.
4.824	0.
4.826	0.
4.827999999999999	0.
4.83	0.
4.832	0.
4.834	0.
4.835999999999999	0.
4.838	0.
4.84	0.
4.842	0.
4.843999999999999	0.
4.846	0.
4.848	0.
4.85	0.
4.851999999999999	0.
4.854	0.
4.856	0.
4.858	0.
4.859999999999999	0.
4.862	0.
4.864	0.
4.866	0.
4.867999999999999	0.
4.87	0.
4.872	0.
4.874	0.
4.8759999999999994	0.
4.878	0.
4.88	0.
4.882	0.
4.8839999999999995	0.
4.885999999999999	0.
4.888	0.
4.89	0.
4.8919999999999995	0.
4.893999999999999	0.
4.896	0.
4.898	0.
4.8999999999999995	0.
4.901999999999999	0.
4.904	0.
4.906	0.
4.9079999999999995	0.
4.909999999999999	0.
4.912	0.
4.914	0.
4.9159999999999995	0.
4.917999999999999	0.
4.92	0.
4.922	0.
4.9239999999999995	0.
4.925999999999999	0.
4.928	0.
4.93	0.
4.9319999999999995	0.
4.933999999999999	0.
4.936	0.
4.938	0.
4.9399999999999995	0.
4.941999999999999	0.
4.944	0.
4.946	0.
4.9479999999999995	0.
4.949999999999999	0.
4.952	0.
4.954	0.
4.9559999999999995	0.
4.957999999999999	0.
4.96	0.
4.962	0.
4.9639999999999995	0.
4.965999999999999	0.
4.968	0.
4.97	0.
4.9719999999999995	0.
4.973999999999999	0.
4.976	0.
4.978	0.
4.9799999999999995	0.
4.981999999999999	0.
4.984	0.
4.986	0.
4.9879999999999995	0.
4.989999999999999	0.
4.992	0.
4.994	0.
4.9959999999999996	0.
4.997999999999999	0.
5.	0.
5.002	0.
5.004	0.
5.005999999999999	0.
5.008	0.
5.01	0.
5.012	0.
5.013999999999999	0.
5.016	0.
5.018	0.
5.02	0.
5.021999999999999	0.
5.024	0.
5.026	0.
5.028	0.
5.029999999999999	0.
5.032	0.
5.034	0.
5.036	0.
5.037999999999999	0.
5.04	0.
5.042	0.
5.044	0.
5.045999999999999	0.
5.048	0.
5.05	0.
5.052	0.
5.053999999999999	0.
5.056	0.
5.058	0.
5.06	0.
5.061999999999999	0.
5.064	0.
5.066	0.
5.068	0.
5.069999999999999	0.
5.072	0.
5.074	0.
5.076	0.
5.077999999999999	0.
5.08	0.
5.082	0.
5.084	0.
5.085999999999999	0.
5.088	0.
5.09	0.
5.092	0.
5.093999999999999	0.
5.096	0.
5.098	0.
5.1	0.
5.101999999999999	0.
5.104	0.
5.106	0.
5.108	0.
5.109999999999999	0.
5.112	0.
5.114	0.
5.116	0.
5.117999999999999	0.
5.12	0.