0.02	0.1167079862339912
0.022	0.1176330099854526
0.024	0.11864454026182647
0.026000000000000002	0.11974214413012121
0.028	0.12092535143205217
0.03	0.1221936548904736
0.032	0.12354651022147196
0.034	0.12498333625749729
0.036000000000000004	0.1265035150776043
0.038000000000000006	0.1281063921463313
0.04	0.12979127646095903
0.041999999999999996	0.13155744070714154
0.044	0.1334041214229007
0.046	0.13533051917097394
0.048	0.1373357987195037
0.05	0.13941908923105603
0.052000000000000005	0.14157948445995253
0.054000000000000006	0.14381604295770672
0.05600000000000001	0.14612778828747755
0.057999999999999996	0.14851370924590163
0.06	0.15097276009300944
0.062	0.15350386079136613
0.064	0.1561058972525461
0.066	0.15877772159185857
0.068	0.16151815239104222
0.07	0.1643259749688069
0.07200000000000001	0.1671999416590521
0.074	0.17013877209651482
0.076	0.1731411535094814
0.078	0.17620574101900066
0.08	0.1793311579437053
0.082	0.18251599610876038
0.084	0.18575881615636042
0.08600000000000001	0.18905814785304462
0.08800000000000001	0.192412490384497
0.09000000000000001	0.19582031261782984
0.09200000000000001	0.19928005328336043
0.094	0.2027901209416105
0.096	0.20634889326298678
0.098	0.2099547131197088
0.1	0.21360579932406065
0.10200000000000001	0.21730079077925113
0.10400000000000001	0.22103774327016537
0.10600000000000001	0.22481489961007864
0.108	0.2286304760895769
0.11	0.23248266291093758
0.112	0.23636962463031178
0.114	0.24028950060769863
0.116	0.24424040546466003
0.11800000000000001	0.24822042954973592
0.12000000000000001	0.2522276394115134
0.12200000000000001	0.25626007827930014
0.12400000000000001	0.2603157665513505
0.126	0.2643927022905866
0.128	0.2684888617277551
0.13	0.2726021997719531
0.132	0.27673065052845264
0.134	0.2808721278237465
0.136	0.28502452573773157
0.138	0.2891857191429378
0.13999999999999999	0.2933535642506999
0.142	0.297526110736006
0.144	0.301698657221312
0.146	0.3058712037066181
0.148	0.3100437501919242
0.15	0.3142162966772302
0.152	0.3183558392214675
0.154	0.3224953817657047
0.156	0.32663492430994184
0.158	0.3307744668541791
0.16	0.33491400939841637
0.162	0.33896344124133704
0.164	0.3430128730842577
0.16599999999999998	0.3470623049271783
0.16799999999999998	0.351111736770099
0.16999999999999998	0.3551611686130197
0.172	0.3590619302136154
0.174	0.36296269181421104
0.176	0.36686345341480675
0.178	0.3707642150154024
0.18	0.37466497661599807
0.182	0.378357428854523
0.184	0.38204988109304794
0.186	0.3857423333315728
0.188	0.3894347855700977
0.19	0.39312723780862263
0.192	0.39655049239495743
0.194	0.3999737469812921
0.19599999999999998	0.40339700156762676
0.19799999999999998	0.4068202561539615
0.19999999999999998	0.41024351074029625
0.20199999999999999	0.41333939926723845
0.204	0.4164352877941807
0.206	0.4195311763211229
0.208	0.4226270648480652
0.21	0.4257229533750074
0.212	0.42842996901182473
0.214	0.43113698464864214
0.216	0.43384400028545944
0.218	0.43655101592227685
0.22	0.43925803155909426
0.222	0.4415167046315204
0.224	0.4437753777039466
0.226	0.4460340507763728
0.228	0.44829272384879904
0.22999999999999998	0.4505513969212252
0.23199999999999998	0.4523033485409953
0.23399999999999999	0.45405530016076545
0.236	0.4558072517805356
0.238	0.4575592034003057
0.24	0.45931115502007586
0.242	0.4604994850673979
0.244	0.46168781511471996
0.246	0.4628761451620421
0.248	0.46406447520936417
0.25	0.4652528052566863
0.252	0.4658224248386655
0.254	0.4663920444206446
0.256	0.4669616640026238
0.258	0.4675312835846029
0.26	0.4681009031665821
0.262	0.4679987723314923
0.264	0.46789664149640237
0.266	0.4677945106613126
0.268	0.4676923798262227
0.27	0.4675902489911329
0.272	0.4667654571547871
0.274	0.4659406653184414
0.276	0.46511587348209554
0.278	0.4642910816457498
0.28	0.4634662898094041
0.28200000000000003	0.46186987579511907
0.28400000000000003	0.46027346178083417
0.28600000000000003	0.4586770477665491
0.28800000000000003	0.45708063375226415
0.29000000000000004	0.45548421973797926
0.29200000000000004	0.4530685547730709
0.29400000000000004	0.45065288980816254
0.29600000000000004	0.4482372248432543
0.29800000000000004	0.44582155987834593
0.30000000000000004	0.44340589491343757
0.30200000000000005	0.44012331167835234
0.30400000000000005	0.43684072844326705
0.30600000000000005	0.43355814520818164
0.30800000000000005	0.4302755619730963
0.31	0.4269929787380111
0.312	0.4227930456516133
0.314	0.4185931125652154
0.316	0.41439317947881754
0.318	0.4101932463924196
0.32	0.40599331330602173
0.322	0.4008175346166677
0.324	0.3956417559273135
0.326	0.39046597723795945
0.328	0.3852901985486053
0.33	0.38011441985925126
0.332	0.3738856632082925
0.334	0.3676569065573336
0.336	0.3614281499063748
0.338	0.355199393255416
0.34	0.34897063660445715
0.342	0.34157059781212135
0.34400000000000003	0.3341705590197855
0.34600000000000003	0.3267705202274496
0.34800000000000003	0.31937048143511376
0.35000000000000003	0.3119704426427779
0.35200000000000004	0.30318571553470725
0.35400000000000004	0.29440098842663665
0.35600000000000004	0.285616261318566
0.35800000000000004	0.2768315342104953
0.36000000000000004	0.26804680710242457
0.36200000000000004	0.2574117593657995
0.36400000000000005	0.24677671162917444
0.36600000000000005	0.23614166389254937
0.36800000000000005	0.2255066161559243
0.37000000000000005	0.21487156841929914
0.372	0.20099675536684017
0.374	0.18712194231438087
0.376	0.17324712926192154
0.378	0.1593723162094622
0.38	0.1454975031570029
0.382	0.11640002646034338
0.384	0.08730254976368387
0.386	0.058205073067024354
0.388	0.029107596370364835
0.39	0.000010119673705319677
0.392	0.000010093296034433546
0.394	0.000010066918363547414
0.396	0.000010040540692661285
0.398	0.000010014163021775154
0.4	9.987785350889023e-6
0.402	9.961112166407898e-6
0.404	9.934438981926771e-6
0.406	9.907765797445647e-6
0.40800000000000003	9.88109261296452e-6
0.41000000000000003	9.854419428483396e-6
0.41200000000000003	9.827468780402157e-6
0.41400000000000003	9.800518132320918e-6
0.41600000000000004	9.773567484239682e-6
0.41800000000000004	9.746616836158443e-6
0.42000000000000004	9.719666188077205e-6
0.42200000000000004	9.692455895602097e-6
0.42400000000000004	9.665245603126988e-6
0.42600000000000005	9.638035310651879e-6
0.42800000000000005	9.61082501817677e-6
0.43000000000000005	9.583614725701662e-6
0.43200000000000005	9.55616236638466e-6
0.43400000000000005	9.528710007067656e-6
0.43600000000000005	9.501257647750654e-6
0.438	9.473805288433652e-6
0.44	9.446352929116652e-6
0.442	9.41867581947235e-6
0.444	9.39099870982805e-6
0.446	9.36332160018375e-6
0.448	9.33564449053945e-6
0.45	9.307967380895147e-6
0.452	9.280082579736602e-6
0.454	9.252197778578058e-6
0.456	9.22431297741951e-6
0.458	9.196428176260965e-6
0.46	9.16854337510242e-6
0.462	9.140467657425806e-6
0.464	9.112391939749194e-6
0.466	9.084316222072582e-6
0.468	9.056240504395968e-6
0.47000000000000003	9.028164786719354e-6
0.47200000000000003	8.999914640222738e-6
0.47400000000000003	8.97166449372612e-6
0.47600000000000003	8.943414347229503e-6
0.47800000000000004	8.915164200732887e-6
0.48000000000000004	8.88691405423627e-6
0.48200000000000004	8.858505667150748e-6
0.48400000000000004	8.830097280065226e-6
0.48600000000000004	8.801688892979702e-6
0.48800000000000004	8.77328050589418e-6
0.49000000000000005	8.744872118808658e-6
0.49200000000000005	8.716321369418672e-6
0.49400000000000005	8.687770620028686e-6
0.49600000000000005	8.6592198706387e-6
0.49800000000000005	8.630669121248715e-6
0.5	8.602118371858729e-6
0.502	8.573440818173101e-6
0.504	8.54476326448747e-6
0.506	8.51608571080184e-6
0.508	8.487408157116209e-6
0.51	8.45873060343058e-6
0.512	8.429942459170337e-6
0.514	8.401154314910095e-6
0.516	8.372366170649853e-6
0.518	8.343578026389609e-6
0.52	8.314789882129366e-6
0.522	8.285903075419108e-6
0.524	8.25701626870885e-6
0.526	8.228129461998593e-6
0.528	8.199242655288335e-6
0.53	8.170355848578075e-6
0.532	8.141387873938562e-6
0.534	8.112419899299048e-6
0.536	8.083451924659535e-6
0.538	8.054483950020023e-6
0.54	8.02551597538051e-6
0.542	7.996480021179434e-6
0.544	7.967444066978357e-6
0.546	7.93840811277728e-6
0.548	7.909372158576204e-6
0.55	7.880336204375128e-6
0.552	7.85124607342717e-6
0.554	7.82215594247921e-6
0.556	7.793065811531251e-6
0.558	7.763975680583293e-6
0.56	7.734885549635331e-6
0.562	7.705754662199127e-6
0.5640000000000001	7.676623774762924e-6
0.5660000000000001	7.647492887326719e-6
0.5680000000000001	7.618361999890513e-6
0.5700000000000001	7.589231112454309e-6
0.5720000000000001	7.560072495079247e-6
0.5740000000000001	7.530913877704185e-6
0.5760000000000001	7.501755260329124e-6
0.5780000000000001	7.472596642954062e-6
0.5800000000000001	7.443438025579e-6
0.5820000000000001	7.41426429946463e-6
0.5840000000000001	7.38509057335026e-6
0.5860000000000001	7.355916847235891e-6
0.5880000000000001	7.326743121121522e-6
0.5900000000000001	7.297569395007152e-6
0.5920000000000001	7.268392763743175e-6
0.5940000000000001	7.239216132479197e-6
0.5960000000000001	7.21003950121522e-6
0.598	7.1808628699512434e-6
0.6	7.151686238687266e-6
0.602	7.12251847522283e-6
0.604	7.0933507117583945e-6
0.606	7.064182948293957e-6
0.608	7.035015184829523e-6
0.61	7.0058474213650855e-6
0.612	6.976699854031047e-6
0.614	6.947552286697011e-6
0.616	6.918404719362973e-6
0.618	6.889257152028936e-6
0.62	6.860109584694898e-6
0.622	6.830993082073137e-6
0.624	6.801876579451375e-6
0.626	6.772760076829613e-6
0.628	6.743643574207851e-6
0.63	6.7145270715860895e-6
0.632	6.685452025989167e-6
0.634	6.656376980392246e-6
0.636	6.627301934795325e-6
0.638	6.598226889198403e-6
0.64	6.569151843601481e-6
0.642	6.5401281528743946e-6
0.644	6.511104462147307e-6
0.646	6.482080771420221e-6
0.648	6.453057080693133e-6
0.65	6.424033389966046e-6
0.652	6.395070437277931e-6
0.654	6.3661074845898165e-6
0.656	6.337144531901702e-6
0.658	6.308181579213587e-6
0.66	6.279218626525472e-6
0.662	6.250325257749056e-6
0.664	6.221431888972639e-6
0.666	6.192538520196223e-6
0.668	6.163645151419807e-6
0.67	6.134751782643392e-6
0.672	6.105936280841558e-6
0.674	6.077120779039727e-6
0.676	6.048305277237894e-6
0.678	6.019489775436062e-6
0.68	5.99067427363423e-6
0.682	5.961944330073088e-6
0.684	5.9332143865119455e-6
0.686	5.904484442950805e-6
0.6880000000000001	5.875754499389662e-6
0.6900000000000001	5.847024555828521e-6
0.6920000000000001	5.818387236811437e-6
0.6940000000000001	5.789749917794353e-6
0.6960000000000001	5.76111259877727e-6
0.6980000000000001	5.732475279760186e-6
0.7000000000000001	5.703837960743102e-6
0.7020000000000001	5.675299669402729e-6
0.7040000000000001	5.646761378062356e-6
0.7060000000000001	5.618223086721982e-6
0.7080000000000001	5.5896847953816096e-6
0.7100000000000001	5.561146504041236e-6
0.7120000000000001	5.532712936026655e-6
0.7140000000000001	5.504279368012074e-6
0.7160000000000001	5.475845799997493e-6
0.7180000000000001	5.447412231982913e-6
0.7200000000000001	5.418978663968332e-6
0.7220000000000001	5.390654755708713e-6
0.724	5.362330847449094e-6
0.726	5.334006939189475e-6
0.728	5.305683030929856e-6
0.73	5.277359122670236e-6
0.732	5.2491489905665984e-6
0.734	5.22093885846296e-6
0.736	5.192728726359323e-6
0.738	5.164518594255684e-6
0.74	5.1363084621520465e-6
0.742	5.108215330619702e-6
0.744	5.080122199087358e-6
0.746	5.052029067555014e-6
0.748	5.023935936022669e-6
0.75	4.9958428044903266e-6
0.752	4.967868920210327e-6
0.754	4.93989503593033e-6
0.756	4.911921151650331e-6
0.758	4.883947267370333e-6
0.76	4.855973383090335e-6
0.762	4.828119912081953e-6
0.764	4.80026644107357e-6
0.766	4.772412970065187e-6
0.768	4.744559499056805e-6
0.77	4.716706028048423e-6
0.772	4.6889729311702685e-6
0.774	4.661239834292114e-6
0.776	4.633506737413962e-6
0.778	4.605773640535808e-6
0.78	4.578040543657654e-6
0.782	4.550426424783424e-6
0.784	4.5228123059091935e-6
0.786	4.495198187034965e-6
0.788	4.467584068160733e-6
0.79	4.439969949286505e-6
0.792	4.41247186853122e-6
0.794	4.384973787775934e-6
0.796	4.357475707020649e-6
0.798	4.3299776262653636e-6
0.8	4.302479545510079e-6
0.802	4.275092787221678e-6
0.804	4.247706028933278e-6
0.806	4.220319270644877e-6
0.808	4.192932512356477e-6
0.81	4.165545754068077e-6
0.812	4.138263536000309e-6
0.8140000000000001	4.110981317932542e-6
0.8160000000000001	4.083699099864775e-6
0.8180000000000001	4.056416881797008e-6
0.8200000000000001	4.029134663729241e-6
0.8220000000000001	4.001947767105775e-6
0.8240000000000001	3.974760870482308e-6
0.8260000000000001	3.947573973858842e-6
0.8280000000000001	3.9203870772353754e-6
0.8300000000000001	3.893200180611909e-6
0.8320000000000001	3.866096475755461e-6
0.8340000000000001	3.838992770899014e-6
0.8360000000000001	3.811889066042566e-6
0.8380000000000001	3.7847853611861184e-6
0.8400000000000001	3.757681656329671e-6
0.8420000000000001	3.730645483377027e-6
0.8440000000000001	3.703609310424383e-6
0.8460000000000001	3.6765731374717393e-6
0.8480000000000001	3.6495369645190955e-6
0.8500000000000001	3.6225007915664504e-6
0.8520000000000001	3.595512140642408e-6
0.854	3.568523489718367e-6
0.856	3.541534838794324e-6
0.858	3.514546187870282e-6
0.86	3.4875575369462387e-6
0.862	3.46059094260026e-6
0.864	3.4336243482542817e-6
0.866	3.406657753908303e-6
0.868	3.3796911595623247e-6
0.87	3.3527245652163464e-6
0.872	3.325747584662834e-6
0.874	3.298770604109322e-6
0.876	3.27179362355581e-6
0.878	3.244816643002298e-6
0.88	3.217839662448786e-6
0.882	3.190810730601471e-6
0.884	3.1637817987541566e-6
0.886	3.136752866906842e-6
0.888	3.109723935059527e-6
0.89	3.0826950032122126e-6
0.892	3.0555603242377847e-6
0.894	3.0284256452633564e-6
0.896	3.001290966288928e-6
0.898	2.9741562873145e-6
0.9	2.947021608340072e-6
0.902	2.9197105004864914e-6
0.904	2.8923993926329114e-6
0.906	2.865088284779331e-6
0.908	2.837777176925751e-6
0.91	2.8104660690721707e-6
0.912	2.7828837119156633e-6
0.914	2.7553013547591564e-6
0.916	2.727718997602649e-6
0.918	2.7001366404461417e-6
0.92	2.6725542832896344e-6
0.922	2.6445698557254893e-6
0.924	2.616585428161344e-6
0.926	2.588601000597198e-6
0.928	2.560616573033053e-6
0.93	2.532632145468907e-6
0.932	2.5040582019194807e-6
0.934	2.4754842583700544e-6
0.936	2.446910314820628e-6
0.9380000000000001	2.4183363712712023e-6
0.9400000000000001	2.3897624277217756e-6
0.9420000000000001	2.3603160701641526e-6
0.9440000000000001	2.330869712606529e-6
0.9460000000000001	2.3014233550489054e-6
0.9480000000000001	2.2719769974912824e-6
0.9500000000000001	2.2425306399336594e-6
0.9520000000000001	2.2117520425365535e-6
0.9540000000000001	2.180973445139447e-6
0.9560000000000001	2.1501948477423408e-6
0.9580000000000001	2.119416250345235e-6
0.9600000000000001	2.0886376529481284e-6
0.9620000000000001	2.0556897695957434e-6
0.9640000000000001	2.0227418862433575e-6
0.9660000000000001	1.9897940028909724e-6
0.9680000000000001	1.956846119538587e-6
0.9700000000000001	1.9238982361862014e-6
0.9720000000000001	1.886928183639028e-6
0.9740000000000001	1.8499581310918547e-6
0.9760000000000001	1.8129880785446816e-6
0.9780000000000001	1.7760180259975084e-6
0.98	1.739047973450337e-6
0.982	1.6915996918180567e-6
0.984	1.644151410185776e-6
0.986	1.5967031285534954e-6
0.988	1.5492548469212149e-6
0.99	1.5018065652889343e-6
0.992	1.4422960336371416e-6
0.994	1.3827855019853491e-6
0.996	1.3232749703335566e-6
0.998	1.263764438681764e-6
1.	1.2042539070299715e-6
1.002	1.1944364251935598e-6
1.004	1.1846189433571481e-6
1.006	1.1748014615207362e-6
1.008	1.1649839796843246e-6
1.01	1.1551664978479129e-6
1.012	1.1456083896478836e-6
1.014	1.1360502814478542e-6
1.016	1.1264921732478251e-6
1.018	1.1169340650477958e-6
1.02	1.1073759568477665e-6
1.022	1.0980753437208756e-6
1.024	1.0887747305939847e-6
1.026	1.0794741174670936e-6
1.028	1.0701735043402027e-6
1.03	1.0608728912133118e-6
1.032	1.0518277269290033e-6
1.034	1.0427825626446946e-6
1.036	1.033737398360386e-6
1.038	1.0246922340760772e-6
1.04	1.0156470697917685e-6
1.042	1.0068551470587683e-6
1.044	9.98063224325768e-7
1.046	9.89271301592768e-7
1.048	9.804793788597676e-7
1.05	9.716874561267673e-7
1.052	9.63146413168751e-7
1.054	9.54605370210735e-7
1.056	9.460643272527188e-7
1.058	9.375232842947023e-7
1.06	9.289822413366863e-7
1.062	9.206895684134576e-7
1.064	9.123968954902287e-7
1.066	9.041042225670001e-7
1.068	8.958115496437712e-7
1.07	8.875188767205426e-7
1.072	8.794719225680379e-7
1.074	8.714249684155332e-7
1.076	8.633780142630285e-7
1.078	8.553310601105238e-7
1.08	8.472841059580191e-7
1.082	8.394800841110242e-7
1.084	8.316760622640295e-7
1.086	8.238720404170346e-7
1.088	8.160680185700398e-7
1.09	8.082639967230449e-7
1.092	8.006999916739015e-7
1.094	7.93135986624758e-7
1.096	7.855719815756147e-7
1.098	7.780079765264712e-7
1.1	7.704439714773279e-7
1.102	7.631169446067285e-7
1.104	7.557899177361291e-7
1.106	7.484628908655298e-7
1.108	7.411358639949305e-7
1.11	7.338088371243312e-7
1.112	7.267156323056614e-7
1.114	7.196224274869916e-7
1.116	7.125292226683218e-7
1.118	7.05436017849652e-7
1.12	6.983428130309822e-7
1.122	6.914801618530861e-7
1.124	6.846175106751899e-7
1.1260000000000001	6.777548594972937e-7
1.1280000000000001	6.708922083193976e-7
1.1300000000000001	6.640295571415014e-7
1.1320000000000001	6.573940833504585e-7
1.1340000000000001	6.507586095594155e-7
1.1360000000000001	6.441231357683726e-7
1.1380000000000001	6.374876619773295e-7
1.1400000000000001	6.308521881862866e-7
1.1420000000000001	6.244404114215825e-7
1.1440000000000001	6.180286346568784e-7
1.1460000000000001	6.116168578921744e-7
1.1480000000000001	6.052050811274704e-7
1.1500000000000001	5.987933043627664e-7
1.1520000000000001	5.926016423956261e-7
1.1540000000000001	5.864099804284857e-7
1.1560000000000001	5.802183184613452e-7
1.1580000000000001	5.74026656494205e-7
1.1600000000000001	5.678349945270646e-7
1.1620000000000001	5.618597635120909e-7
1.1640000000000001	5.558845324971172e-7
1.1660000000000001	5.499093014821434e-7
1.1680000000000001	5.439340704671697e-7
1.1700000000000002	5.379588394521961e-7
1.1720000000000002	5.321962509490463e-7
1.174	5.264336624458972e-7
1.176	5.206710739427474e-7
1.178	5.149084854395977e-7
1.18	5.091458969364479e-7
1.182	5.035920496706716e-7
1.184	4.980382024048952e-7
1.186	4.924843551391191e-7
1.188	4.869305078733427e-7
1.19	4.813766606075664e-7
1.192	4.7602752323547386e-7
1.194	4.706783858633813e-7
1.196	4.653292484912889e-7
1.198	4.5998011111919633e-7
1.2	4.5463097374710384e-7
1.202	4.4948235136826724e-7
1.204	4.443337289894306e-7
1.206	4.3918510661059406e-7
1.208	4.340364842317574e-7
1.21	4.288878618529209e-7
1.212	4.2393533109192613e-7
1.214	4.189828003309315e-7
1.216	4.140302695699368e-7
1.218	4.0907773880894204e-7
1.22	4.041252080479473e-7
1.222	3.993639858163683e-7
1.224	3.946027635847893e-7
1.226	3.898415413532103e-7
1.228	3.850803191216313e-7
1.23	3.803190968900523e-7
1.232	3.757437518906933e-7
1.234	3.711684068913343e-7
1.236	3.6659306189197534e-7
1.238	3.620177168926164e-7
1.24	3.574423718932574e-7
1.242	3.530460954524699e-7
1.244	3.4864981901168256e-7
1.246	3.442535425708951e-7
1.248	3.398572661301077e-7
1.25	3.3546098968932023e-7
1.252	3.3123325473420655e-7
1.254	3.270055197790928e-7
1.256	3.2277778482397914e-7
1.258	3.1855004986886546e-7
1.26	3.143223149137518e-7
1.262	3.102363603074993e-7
1.264	3.0615040570124684e-7
1.266	3.0206445109499437e-7
1.268	2.9797849648874195e-7
1.27	2.938925418824895e-7
1.272	2.899102092202832e-7
1.274	2.8592787655807697e-7
1.276	2.8194554389587074e-7
1.278	2.7796321123366445e-7
1.28	2.739808785714582e-7
1.282	2.704256230877133e-7
1.284	2.668703676039684e-7
1.286	2.6331511212022347e-7
1.288	2.597598566364786e-7
1.29	2.562046011527337e-7
1.292	2.528092783899236e-7
1.294	2.494139556271135e-7
1.296	2.460186328643035e-7
1.298	2.4262331010149337e-7
1.3	2.3922798733868333e-7
1.302	2.3598847184494072e-7
1.304	2.327489563511981e-7
1.306	2.2950944085745548e-7
1.308	2.262699253637129e-7
1.31	2.230304098699703e-7
1.312	2.1994258614627076e-7
1.314	2.1685476242257127e-7
1.316	2.1376693869887174e-7
1.318	2.1067911497517227e-7
1.32	2.0759129125147277e-7
1.322	2.0465105842225156e-7
1.324	2.0171082559303034e-7
1.326	1.9877059276380913e-7
1.328	1.9583035993458794e-7
1.33	1.9289012710536673e-7
1.332	1.900934034058343e-7
1.334	1.8729667970630188e-7
1.336	1.8449995600676942e-7
1.338	1.8170323230723697e-7
1.34	1.7890650860770457e-7
1.342	1.7624923568065303e-7
1.344	1.7359196275360146e-7
1.346	1.7093468982654994e-7
1.348	1.682774168994984e-7
1.35	1.6562014397244685e-7
1.352	1.6309829096738607e-7
1.354	1.605764379623253e-7
1.356	1.580545849572645e-7
1.358	1.5553273195220373e-7
1.36	1.5301087894714295e-7
1.362	1.5062044641469895e-7
1.364	1.4823001388225495e-7
1.366	1.4583958134981093e-7
1.368	1.434491488173669e-7
1.37	1.410587162849229e-7
1.372	1.3879573985946035e-7
1.374	1.365327634339978e-7
1.3760000000000001	1.3426978700853525e-7
1.3780000000000001	1.3200681058307268e-7
1.3800000000000001	1.2974383415761015e-7
1.3820000000000001	1.2760438802112263e-7
1.3840000000000001	1.2546494188463503e-7
1.3860000000000001	1.233254957481475e-7
1.3880000000000001	1.2118604961165994e-7
1.3900000000000001	1.1904660347517239e-7
1.3920000000000001	1.170268035955329e-7
1.3940000000000001	1.150070037158934e-7
1.3960000000000001	1.129872038362539e-7
1.3980000000000001	1.109674039566144e-7
1.4000000000000001	1.0894760407697494e-7
1.4020000000000001	1.070436112136638e-7
1.4040000000000001	1.0513961835035267e-7
1.4060000000000001	1.0323562548704155e-7
1.4080000000000001	1.0133163262373042e-7
1.4100000000000001	9.942763976041928e-8
1.4120000000000001	9.763566223079489e-8
1.4140000000000001	9.58436847011705e-8
1.4160000000000001	9.405170717154613e-8
1.4180000000000001	9.225972964192173e-8
1.4200000000000002	9.046775211229735e-8
1.4220000000000002	8.878404831137423e-8
1.4240000000000002	8.710034451045113e-8
1.4260000000000002	8.5416640709528e-8
1.428	8.373293690860507e-8
1.43	8.204923310768196e-8
1.432	8.047011377377437e-8
1.434	7.889099443986681e-8
1.436	7.731187510595924e-8
1.438	7.573275577205168e-8
1.44	7.41536364381441e-8
1.442	7.267546665626847e-8
1.444	7.119729687439283e-8
1.446	6.971912709251719e-8
1.448	6.824095731064156e-8
1.45	6.676278752876591e-8
1.452	6.538198846178008e-8
1.454	6.400118939479424e-8
1.456	6.26203903278084e-8
1.458	6.123959126082256e-8
1.46	5.985879219383673e-8
1.462	5.857184252867045e-8
1.464	5.728489286350417e-8
1.466	5.599794319833789e-8
1.468	5.4710993533171606e-8
1.47	5.342404386800533e-8
1.472	5.222748095900571e-8
1.474	5.103091805000609e-8
1.476	4.983435514100649e-8
1.478	4.8637792232006866e-8
1.48	4.7441229323007264e-8
1.482	4.6331650005267e-8
1.484	4.522207068752674e-8
1.486	4.411249136978647e-8
1.488	4.300291205204622e-8
1.49	4.1893332734305955e-8
1.492	4.086739376239798e-8
1.494	3.984145479049001e-8
1.496	3.881551581858203e-8
1.498	3.7789576846674077e-8
1.5	3.67636378747661e-8
1.502	3.5817994090458707e-8
1.504	3.487235030615131e-8
1.506	3.392670652184392e-8
1.508	3.298106273753653e-8
1.51	3.203541895322913e-8
1.512	3.1166743228959965e-8
1.514	3.029806750469082e-8
1.516	2.9429391780421668e-8
1.518	2.856071605615252e-8
1.52	2.769204033188337e-8
1.522	2.68971614777158e-8
1.524	2.610228262354823e-8
1.526	2.5307403769380655e-8
1.528	2.4512524915213087e-8
1.53	2.3717646061045516e-8
1.532	2.2993451993624755e-8
1.534	2.2269257926204e-8
1.536	2.154506385878325e-8
1.538	2.0820869791362494e-8
1.54	2.0096675723941746e-8
1.542	1.944010454645606e-8
1.544	1.878353336897038e-8
1.546	1.8126962191484694e-8
1.548	1.7470391013999012e-8
1.55	1.6813819836513333e-8
1.552	1.6221850591597238e-8
1.554	1.562988134668114e-8
1.556	1.503791210176504e-8
1.558	1.4445942856848945e-8
1.56	1.3853973611932846e-8
1.562	1.33236083471989e-8
1.564	1.2793243082464956e-8
1.566	1.2262877817731011e-8
1.568	1.1732512552997065e-8
1.57	1.1202147288263127e-8
1.572	1.0730373718805926e-8
1.574	1.0258600149348726e-8
1.576	9.786826579891523e-9
1.578	9.315053010434324e-9
1.58	8.843279440977125e-9
1.582	8.426985438726623e-9
1.584	8.010691436476121e-9
1.586	7.59439743422562e-9
1.588	7.178103431975118e-9
1.59	6.761809429724622e-9
1.592	6.3975597073880065e-9
1.594	6.033309985051391e-9
1.596	5.669060262714775e-9
1.598	5.304810540378159e-9
1.6	4.940560818041543e-9
1.602	4.623885856420171e-9
1.604	4.3072108947988e-9
1.606	3.990535933177429e-9
1.608	3.673860971556056e-9
1.61	3.3571860099346886e-9
1.612	3.079341849000846e-9
1.614	2.8014976880670035e-9
1.616	2.5236535271331614e-9
1.618	2.2458093661993185e-9
1.62	1.967965205265476e-9
1.622	1.6608929265293626e-9
1.624	1.353820647793249e-9
1.6260000000000001	1.0467483690571354e-9
1.6280000000000001	7.396760903210218e-10
1.6300000000000001	4.3260381158493565e-10
1.6320000000000001	3.72570972858404e-10
1.6340000000000001	3.125381341318723e-10
1.6360000000000001	2.525052954053406e-10
1.6380000000000001	1.9247245667880895e-10
1.6400000000000001	1.3243961795227727e-10
1.6420000000000001	1.2703082807015268e-10
1.6440000000000001	1.2162203818802812e-10
1.6460000000000001	1.1621324830590351e-10
1.6480000000000001	1.1080445842377892e-10
1.6500000000000001	1.0539566854165451e-10
1.6520000000000001	1.0158401246432767e-10
1.6540000000000001	9.77723563870008e-11
1.6560000000000001	9.396070030967394e-11
1.6580000000000001	9.014904423234708e-11
1.6600000000000001	8.633738815502021e-11
1.6620000000000001	8.367392723729837e-11
1.6640000000000001	8.101046631957654e-11
1.6660000000000001	7.83470054018547e-11
1.6680000000000001	7.568354448413285e-11
1.6700000000000002	7.30200835664111e-11
1.6720000000000002	7.120185349888599e-11
1.6740000000000002	6.938362343136087e-11
1.6760000000000002	6.756539336383576e-11
1.6780000000000002	6.574716329631065e-11
1.6800000000000002	6.392893322878553e-11
1.6820000000000002	6.273525143110768e-11
1.6840000000000002	6.154156963342981e-11
1.686	6.034788783575207e-11
1.688	5.91542060380742e-11
1.69	5.796052424039634e-11
1.692	5.721204207522492e-11
1.694	5.646355991005349e-11
1.696	5.5715077744882065e-11
1.698	5.496659557971064e-11
1.7	5.421811341453922e-11
1.702	5.37725168751015e-11
1.704	5.332692033566383e-11
1.706	5.2881323796226154e-11
1.708	5.2435727256788473e-11
1.71	5.19901307173508e-11
1.712	5.173844186226821e-11
1.714	5.148675300718563e-11
1.716	5.123506415210304e-11
1.718	5.098337529702045e-11
1.72	5.073168644193787e-11
1.722	5.05943079169358e-11
1.724	5.0456929391933726e-11
1.726	5.031955086693167e-11
1.728	5.018217234192961e-11
1.73	5.004479381692755e-11
1.732	4.99672902155688e-11
1.734	4.988978661421005e-11
1.736	4.9812283012851304e-11
1.738	4.973477941149256e-11
1.74	4.965727581013381e-11
1.742	4.96058870272321e-11
1.744	4.955449824433039e-11
1.746	4.950310946142868e-11
1.748	4.945172067852699e-11
1.75	4.9400331895625274e-11
1.752	4.935721363243381e-11
1.754	4.931409536924233e-11
1.756	4.927097710605086e-11
1.758	4.9227858842859387e-11
1.76	4.9184740579667915e-11
1.762	4.9142927131844945e-11
1.764	4.910111368402198e-11
1.766	4.905930023619901e-11
1.768	4.9017486788376057e-11
1.77	4.897567334055309e-11
1.772	4.893380550828899e-11
1.774	4.88919376760249e-11
1.776	4.885006984376081e-11
1.778	4.880820201149672e-11
1.78	4.876633417923262e-11
1.782	4.8724368313978214e-11
1.784	4.868240244872379e-11
1.786	4.864043658346938e-11
1.788	4.8598470718214974e-11
1.79	4.855650485296056e-11
1.792	4.851444427643078e-11
1.794	4.8472383699901e-11
1.796	4.8430323123371216e-11
1.798	4.8388262546841444e-11
1.8	4.8346201970311665e-11
1.802	4.830405003296297e-11
1.804	4.8261898095614285e-11
1.806	4.8219746158265596e-11
1.808	4.8177594220916906e-11
1.81	4.8135442283568216e-11
1.812	4.80932023642984e-11
1.814	4.805096244502859e-11
1.816	4.8008722525758766e-11
1.818	4.7966482606488956e-11
1.82	4.792424268721913e-11
1.822	4.788191819304789e-11
1.824	4.7839593698876645e-11
1.826	4.77972692047054e-11
1.828	4.775494471053414e-11
1.83	4.77126202163629e-11
1.832	4.7670214582092086e-11
1.834	4.762780894782127e-11
1.836	4.758540331355046e-11
1.838	4.754299767927964e-11
1.84	4.7500592045008826e-11
1.842	4.7458108732861456e-11
1.844	4.741562542071409e-11
1.846	4.737314210856673e-11
1.848	4.733065879641936e-11
1.85	4.728817548427199e-11
1.852	4.7245617983508515e-11
1.854	4.720306048274505e-11
1.856	4.7160502981981584e-11
1.858	4.7117945481218116e-11
1.86	4.707538798045465e-11
1.862	4.703275980696534e-11
1.864	4.699013163347605e-11
1.866	4.694750345998675e-11
1.868	4.690487528649745e-11
1.87	4.686224711300814e-11
1.872	4.6819551808880307e-11
1.874	4.677685650475247e-11
1.8760000000000001	4.673416120062464e-11
1.8780000000000001	4.6691465896496805e-11
1.8800000000000001	4.664877059236897e-11
1.8820000000000001	4.660601172542742e-11
1.8840000000000001	4.6563252858485866e-11
1.8860000000000001	4.652049399154432e-11
1.8880000000000001	4.647773512460276e-11
1.8900000000000001	4.643497625766121e-11
1.8920000000000001	4.63921574209805e-11
1.8940000000000001	4.634933858429978e-11
1.8960000000000001	4.630651974761907e-11
1.8980000000000001	4.626370091093836e-11
1.9000000000000001	4.6220882074257647e-11
1.9020000000000001	4.617800688824013e-11
1.9040000000000001	4.6135131702222595e-11
1.9060000000000001	4.609225651620507e-11
1.9080000000000001	4.604938133018754e-11
1.9100000000000001	4.600650614417001e-11
1.9120000000000001	4.59635782455629e-11
1.9140000000000001	4.592065034695578e-11
1.9160000000000001	4.587772244834866e-11
1.9180000000000001	4.583479454974154e-11
1.9200000000000002	4.579186665113442e-11
1.9220000000000002	4.5748889708175516e-11
1.9240000000000002	4.570591276521661e-11
1.9260000000000002	4.5662935822257713e-11
1.9280000000000002	4.561995887929881e-11
1.9300000000000002	4.5576981936339904e-11
1.9320000000000002	4.5533959637602075e-11
1.9340000000000002	4.5490937338864245e-11
1.9360000000000002	4.5447915040126416e-11
1.9380000000000002	4.540489274138858e-11
1.94	4.5361870442650757e-11
1.942	4.531880649903413e-11
1.944	4.52757425554175e-11
1.946	4.5232678611800866e-11
1.948	4.518961466818424e-11
1.95	4.514655072456761e-11
1.952	4.510344886860456e-11
1.954	4.506034701264152e-11
1.956	4.501724515667848e-11
1.958	4.497414330071543e-11
1.96	4.493104144475239e-11
1.962	4.48879054298707e-11
1.964	4.4844769414989e-11
1.966	4.480163340010731e-11
1.968	4.475849738522562e-11
1.97	4.471536137034393e-11
1.972	4.4672194970085317e-11
1.974	4.462902856982671e-11
1.976	4.4585862169568103e-11
1.978	4.4542695769309493e-11
1.98	4.4499529369050883e-11
1.982	4.445633637624263e-11
1.984	4.4413143383434374e-11
1.986	4.436995039062611e-11
1.988	4.4326757397817865e-11
1.99	4.428356440500961e-11
1.992	4.424034863088614e-11
1.994	4.4197132856762664e-11
1.996	4.415391708263919e-11
1.998	4.4110701308515725e-11
2.	4.406748553439225e-11
2.002	4.402425080487547e-11
2.004	4.398101607535868e-11
2.006	4.393778134584189e-11
2.008	4.389454661632509e-11
2.01	4.3851311886808305e-11
2.012	4.380806205276442e-11
2.014	4.376481221872054e-11
2.016	4.372156238467665e-11
2.018	4.367831255063277e-11
2.02	4.3635062716588875e-11
2.0220000000000002	4.359180163577819e-11
2.024	4.3548540554967523e-11
2.0260000000000002	4.350527947415685e-11
2.028	4.346201839334618e-11
2.0300000000000002	4.3418757312535496e-11
2.032	4.337548885993053e-11
2.0340000000000003	4.3332220407325547e-11
2.036	4.3288951954720575e-11
2.0380000000000003	4.324568350211559e-11
2.04	4.3202415049510626e-11
2.0420000000000003	4.3159143113239e-11
2.044	4.311587117696739e-11
2.0460000000000003	4.3072599240695775e-11
2.048	4.3029327304424164e-11
2.0500000000000003	4.298605536815254e-11
2.052	4.294278384824947e-11
2.0540000000000003	4.289951232834639e-11
2.056	4.285624080844331e-11
2.0580000000000003	4.281296928854024e-11
2.06	4.276969776863716e-11
2.0620000000000003	4.272643057572225e-11
2.064	4.2683163382807334e-11
2.0660000000000003	4.263989618989242e-11
2.068	4.2596628996977514e-11
2.07	4.255336180406261e-11
2.072	4.2510102857937014e-11
2.074	4.246684391181143e-11
2.076	4.2423584965685836e-11
2.078	4.238032601956025e-11
2.08	4.2337067073434664e-11
2.082	4.2293820301593346e-11
2.084	4.225057352975202e-11
2.086	4.22073267579107e-11
2.088	4.216407998606938e-11
2.09	4.2120833214228064e-11
2.092	4.207760255028175e-11
2.094	4.203437188633545e-11
2.096	4.199114122238913e-11
2.098	4.1947910558442824e-11
2.1	4.190467989449652e-11
2.102	4.1861469276498225e-11
2.104	4.1818258658499926e-11
2.106	4.177504804050164e-11
2.108	4.1731837422503334e-11
2.11	4.168862680450505e-11
2.112	4.164544017317472e-11
2.114	4.16022535418444e-11
2.116	4.155906691051408e-11
2.118	4.1515880279183753e-11
2.12	4.1472693647853423e-11
2.122	4.142953494469473e-11
2.124	4.1386376241536035e-11
2.126	4.1343217538377344e-11
2.128	4.130005883521864e-11
2.13	4.125690013205995e-11
2.132	4.1213773297362085e-11
2.134	4.117064646266424e-11
2.136	4.112751962796639e-11
2.138	4.1084392793268544e-11
2.14	4.104126595857068e-11
2.142	4.099817492928838e-11
2.144	4.095508390000607e-11
2.146	4.0911992870723766e-11
2.148	4.086890184144146e-11
2.15	4.0825810812159156e-11
2.152	4.07827595195417e-11
2.154	4.073970822692427e-11
2.156	4.0696656934306817e-11
2.158	4.0653605641689377e-11
2.16	4.0610554349071924e-11
2.162	4.056754671674229e-11
2.164	4.0524539084412634e-11
2.166	4.048153145208299e-11
2.168	4.0438523819753343e-11
2.17	4.03955161874237e-11
2.172	4.0352556128169804e-11
2.174	4.030959606891592e-11
2.176	4.026663600966203e-11
2.178	4.022367595040814e-11
2.18	4.018071589115425e-11
2.182	4.013780730466949e-11
2.184	4.009489871818472e-11
2.186	4.005199013169996e-11
2.188	4.0009081545215194e-11
2.19	3.9966172958730434e-11
2.192	3.992331972865346e-11
2.194	3.9880466498576496e-11
2.196	3.983761326849952e-11
2.198	3.979476003842255e-11
2.2	3.975190680834558e-11
2.202	3.9709112799226466e-11
2.204	3.966631879010733e-11
2.206	3.962352478098822e-11
2.208	3.958073077186909e-11
2.21	3.953793676274997e-11
2.212	3.9495205816827876e-11
2.214	3.9452474870905784e-11
2.216	3.940974392498369e-11
2.218	3.93670129790616e-11
2.22	3.93242820331395e-11
2.222	3.928161796691994e-11
2.224	3.923895390070036e-11
2.226	3.91962898344808e-11
2.228	3.915362576826122e-11
2.23	3.9110961702041654e-11
2.232	3.90683683026598e-11
2.234	3.9025774903277956e-11
2.236	3.8983181503896107e-11
2.238	3.894058810451427e-11
2.24	3.889799470513241e-11
2.242	3.885547572648904e-11
2.244	3.881295674784566e-11
2.246	3.877043776920229e-11
2.248	3.872791879055891e-11
2.25	3.868539981191554e-11
2.2520000000000002	3.864295897057004e-11
2.254	3.8600518129224556e-11
2.2560000000000002	3.8558077287879056e-11
2.258	3.8515636446533564e-11
2.2600000000000002	3.847319560518807e-11
2.262	3.8430836575992945e-11
2.2640000000000002	3.8388477546797814e-11
2.266	3.8346118517602695e-11
2.2680000000000002	3.830375948840757e-11
2.27	3.8261400459212444e-11
2.2720000000000002	3.821912687067185e-11
2.274	3.817685328213127e-11
2.2760000000000002	3.813457969359068e-11
2.278	3.8092306105050103e-11
2.2800000000000002	3.805003251650951e-11
2.282	3.8007847945843695e-11
2.2840000000000003	3.796566337517788e-11
2.286	3.7923478804512065e-11
2.2880000000000003	3.7881294233846247e-11
2.29	3.7839109663180435e-11
2.2920000000000003	3.779701763107613e-11
2.294	3.7754925598971826e-11
2.2960000000000003	3.771283356686751e-11
2.298	3.767074153476321e-11
2.3000000000000003	3.7628649502658904e-11
2.302	3.758665346768483e-11
2.3040000000000003	3.754465743271075e-11
2.306	3.750266139773668e-11
2.3080000000000003	3.746066536276259e-11
2.31	3.7418669327788515e-11
2.3120000000000003	3.7376772680453166e-11
2.314	3.733487603311782e-11
2.3160000000000003	3.7292979385782474e-11
2.318	3.725108273844713e-11
2.3200000000000003	3.7209186091111775e-11
2.322	3.716739214753952e-11
2.3240000000000003	3.712559820396725e-11
2.326	3.708380426039499e-11
2.328	3.704201031682273e-11
2.33	3.700021637325046e-11
2.332	3.695852836844959e-11
2.334	3.6916840363648707e-11
2.336	3.6875152358847835e-11
2.338	3.683346435404695e-11
2.34	3.679177634924608e-11
2.342	3.6750197429941256e-11
2.344	3.6708618510636446e-11
2.346	3.6667039591331624e-11
2.348	3.662546067202681e-11
2.35	3.6583881752721984e-11
2.352	3.6542414969721036e-11
2.354	3.650094818672008e-11
2.356	3.6459481403719147e-11
2.358	3.641801462071819e-11
2.36	3.637654783771725e-11
2.362	3.6335196137780004e-11
2.364	3.6293844437842764e-11
2.366	3.625249273790551e-11
2.368	3.621114103796827e-11
2.37	3.6169789338031025e-11
2.372	3.612855555520598e-11
2.374	3.6087321772380924e-11
2.376	3.604608798955588e-11
2.378	3.600485420673083e-11
2.38	3.596362042390578e-11
2.382	3.592250727029733e-11
2.384	3.5881394116688896e-11
2.386	3.5840280963080444e-11
2.388	3.579916780947201e-11
2.39	3.575805465586356e-11
2.392	3.571706471179003e-11
2.394	3.5676074767716474e-11
2.396	3.563508482364294e-11
2.398	3.559409487956939e-11
2.4	3.5553104935495853e-11
2.402	3.551224063899547e-11
2.404	3.547137634249509e-11
2.406	3.543051204599471e-11
2.408	3.538964774949433e-11
2.41	3.5348783452993954e-11
2.412	3.530804708863289e-11
2.414	3.526731072427181e-11
2.416	3.522657435991074e-11
2.418	3.518583799554966e-11
2.42	3.514510163118859e-11
2.422	3.510449531812134e-11
2.424	3.506388900505408e-11
2.426	3.502328269198682e-11
2.428	3.498267637891957e-11
2.43	3.4942070065852305e-11
2.432	3.4901595744684856e-11
2.434	3.48611214235174e-11
2.436	3.4820647102349953e-11
2.438	3.47801727811825e-11
2.44	3.473969846001505e-11
2.442	3.469935788082896e-11
2.444	3.4659017301642876e-11
2.446	3.461867672245678e-11
2.448	3.457833614327069e-11
2.45	3.45379955640846e-11
2.452	3.4497790269428385e-11
2.454	3.4457584974772166e-11
2.456	3.441737968011596e-11
2.458	3.437717438545974e-11
2.46	3.433696909080353e-11
2.462	3.4296900401887996e-11
2.464	3.425683171297247e-11
2.466	3.4216763024056944e-11
2.468	3.417669433514142e-11
2.47	3.4136625646225885e-11
2.472	3.4096694645927176e-11
2.474	3.405676364562846e-11
2.476	3.401683264532975e-11
2.478	3.397690164503104e-11
2.48	3.393697064473233e-11
2.482	3.389717815989541e-11
2.484	3.38573856750585e-11
2.486	3.381759319022158e-11
2.488	3.3777800705384673e-11
2.49	3.373800822054776e-11
2.492	3.36983548030725e-11
2.494	3.365870138559724e-11
2.496	3.361904796812198e-11
2.498	3.3579394550646716e-11
2.5	3.353974113317146e-11
2.5020000000000002	3.3500227039791603e-11
2.504	3.3460712946411755e-11
2.5060000000000002	3.3421198853031887e-11
2.508	3.338168475965204e-11
2.5100000000000002	3.334217066627218e-11
2.512	3.330279583693134e-11
2.5140000000000002	3.32634210075905e-11
2.516	3.3224046178249666e-11
2.5180000000000002	3.318467134890882e-11
2.52	3.3145296519567984e-11
2.5220000000000002	3.310606055468565e-11
2.524	3.3066824589803316e-11
2.5260000000000002	3.302758862492097e-11
2.528	3.298835266003864e-11
2.5300000000000002	3.29491166951563e-11
2.532	3.2910018829277086e-11
2.5340000000000003	3.287092096339786e-11
2.536	3.283182309751864e-11
2.5380000000000003	3.2792725231639407e-11
2.54	3.275362736576019e-11
2.5420000000000003	3.2714666443710745e-11
2.544	3.267570552166131e-11
2.5460000000000003	3.263674459961187e-11
2.548	3.2597783677562434e-11
2.5500000000000003	3.2558822755512987e-11
2.552	3.2519997201478514e-11
2.5540000000000003	3.248117164744403e-11
2.556	3.2442346093409555e-11
2.5580000000000003	3.240352053937507e-11
2.56	3.2364694985340596e-11
2.5620000000000003	3.2326002774345865e-11
2.564	3.2287310563351134e-11
2.5660000000000003	3.22486183523564e-11
2.568	3.220992614136168e-11
2.5700000000000003	3.2171233930366946e-11
2.572	3.2132672554832974e-11
2.5740000000000003	3.209411117929899e-11
2.576	3.205554980376502e-11
2.5780000000000003	3.201698842823104e-11
2.58	3.1978427052697065e-11
2.582	3.193999348764066e-11
2.584	3.190155992258425e-11
2.586	3.1863126357527845e-11
2.588	3.1824692792471436e-11
2.59	3.178625922741503e-11
2.592	3.174794989345932e-11
2.594	3.1709640559503614e-11
2.596	3.167133122554789e-11
2.598	3.163302189159219e-11
2.6	3.159471255763648e-11
2.602	3.1556523280553376e-11
2.604	3.151833400347027e-11
2.606	3.1480144726387165e-11
2.608	3.1441955449304056e-11
2.61	3.1403766172220954e-11
2.612	3.136569214028627e-11
2.614	3.1327618108351585e-11
2.616	3.1289544076416894e-11
2.618	3.1251470044482217e-11
2.62	3.1213396012547526e-11
2.622	3.117543173044011e-11
2.624	3.113746744833269e-11
2.626	3.109950316622527e-11
2.628	3.1061538884117855e-11
2.63	3.102357460201043e-11
2.632	3.0985713841444684e-11
2.634	3.094785308087894e-11
2.636	3.090999232031318e-11
2.638	3.087213155974744e-11
2.64	3.083427079918169e-11
2.642	3.0796506545949905e-11
2.644	3.0758742292718116e-11
2.646	3.072097803948633e-11
2.648	3.0683213786254544e-11
2.65	3.064544953302276e-11
2.652	3.060777393017916e-11
2.654	3.057009832733556e-11
2.656	3.0532422724491955e-11
2.658	3.049474712164836e-11
2.66	3.045707151880475e-11
2.662	3.041947580570445e-11
2.664	3.038188009260414e-11
2.666	3.034428437950384e-11
2.668	3.030668866640353e-11
2.67	3.026909295330323e-11
2.672	3.0231567400190525e-11
2.674	3.019404184707782e-11
2.676	3.015651629396512e-11
2.678	3.011899074085242e-11
2.68	3.0081465187739717e-11
2.682	3.004399902556082e-11
2.684	3.000653286338192e-11
2.686	2.9969066701203026e-11
2.688	2.993160053902412e-11
2.69	2.9894134376845226e-11
2.692	2.9856715721941155e-11
2.694	2.981929706703709e-11
2.696	2.978187841213301e-11
2.698	2.974445975722894e-11
2.7	2.970704110232487e-11
2.702	2.966965687564158e-11
2.704	2.9632272648958286e-11
2.706	2.9594888422275e-11
2.708	2.955750419559171e-11
2.71	2.9520119968908417e-11
2.712	2.948275580934365e-11
2.714	2.9445391649778884e-11
2.716	2.940802749021411e-11
2.718	2.937066333064935e-11
2.72	2.933329917108458e-11
2.722	2.9295938244534744e-11
2.724	2.92585773179849e-11
2.726	2.922121639143506e-11
2.728	2.9183855464885216e-11
2.73	2.914649453833538e-11
2.732	2.910907886733615e-11
2.734	2.9071663196336924e-11
2.736	2.9034247525337697e-11
2.738	2.8996831854338473e-11
2.74	2.8959416183339243e-11
2.742	2.8921666220540343e-11
2.744	2.8883916257741437e-11
2.746	2.884616629494254e-11
2.748	2.8808416332143633e-11
2.75	2.8770666369344733e-11
2.7520000000000002	2.8732537192442653e-11
2.754	2.869440801554058e-11
2.7560000000000002	2.8656278838638503e-11
2.758	2.861814966173643e-11
2.7600000000000002	2.858002048483435e-11
2.762	2.854151081838726e-11
2.7640000000000002	2.8503001151940163e-11
2.766	2.8464491485493074e-11
2.7680000000000002	2.842598181904598e-11
2.77	2.838747215259889e-11
2.7720000000000002	2.8348580666446733e-11
2.774	2.830968918029459e-11
2.7760000000000002	2.8270797694142432e-11
2.778	2.8231906207990288e-11
2.7800000000000002	2.819301472183813e-11
2.782	2.8153740025285465e-11
2.7840000000000003	2.8114465328732787e-11
2.786	2.8075190632180118e-11
2.7880000000000003	2.803591593562744e-11
2.79	2.7996641239074775e-11
2.7920000000000003	2.795698187543764e-11
2.794	2.791732251180051e-11
2.7960000000000003	2.787766314816337e-11
2.798	2.783800378452624e-11
2.8000000000000003	2.7798344420889106e-11
2.802	2.7758298860957246e-11
2.8040000000000003	2.771825330102538e-11
2.806	2.7678207741093516e-11
2.8080000000000003	2.763816218116165e-11
2.81	2.759811662122979e-11
2.8120000000000003	2.7557683256383458e-11
2.814	2.751724989153714e-11
2.8160000000000003	2.747681652669081e-11
2.818	2.743638316184449e-11
2.8200000000000003	2.7395949796998157e-11
2.822	2.735512693177872e-11
2.8240000000000003	2.7314304066559276e-11
2.826	2.727348120133984e-11
2.8280000000000003	2.7232658336120395e-11
2.83	2.7191835470900957e-11
2.8320000000000003	2.715062131498598e-11
2.834	2.7109407159071017e-11
2.836	2.7068193003156053e-11
2.838	2.7026978847241083e-11
2.84	2.6985764691326116e-11
2.842	2.694415735085503e-11
2.844	2.6902550010383954e-11
2.846	2.686094266991287e-11
2.848	2.6819335329441793e-11
2.85	2.6777727988970704e-11
2.852	2.673572545716113e-11
2.854	2.669372292535155e-11
2.856	2.6651720393541972e-11
2.858	2.6609717861732387e-11
2.86	2.6567715329922817e-11
2.862	2.6525315476911413e-11
2.864	2.6482915623900022e-11
2.866	2.644051577088862e-11
2.868	2.639811591787723e-11
2.87	2.635571606486583e-11
2.872	2.6312916626700616e-11
2.874	2.6270117188535396e-11
2.876	2.6227317750370183e-11
2.878	2.6184518312204964e-11
2.88	2.6141718874039754e-11
2.882	2.6098517440742383e-11
2.884	2.6055316007445025e-11
2.886	2.601211457414766e-11
2.888	2.5968913140850303e-11
2.89	2.5925711707552935e-11
2.892	2.588210571016107e-11
2.894	2.583849971276919e-11
2.896	2.579489371537733e-11
2.898	2.575128771798545e-11
2.9	2.5707681720593586e-11
2.902	2.566366841708272e-11
2.904	2.5619655113571865e-11
2.906	2.5575641810061003e-11
2.908	2.5531628506550144e-11
2.91	2.5487615203039282e-11
2.912	2.5443191663012634e-11
2.914	2.539876812298598e-11
2.916	2.5354344582959332e-11
2.918	2.530992104293267e-11
2.92	2.526549750290603e-11
2.922	2.5220660590927468e-11
2.924	2.517582367894892e-11
2.926	2.5130986766970357e-11
2.928	2.5086149854991805e-11
2.93	2.5041312943013247e-11
2.932	2.4996059300444423e-11
2.934	2.4950805657875593e-11
2.936	2.490555201530677e-11
2.938	2.4860298372737936e-11
2.94	2.4815044730169116e-11
2.942	2.4769370755354488e-11
2.944	2.4723696780539873e-11
2.946	2.467802280572525e-11
2.948	2.4632348830910633e-11
2.95	2.4586674856096008e-11
2.952	2.454057668272151e-11
2.954	2.4494478509346997e-11
2.956	2.44483803359725e-11
2.958	2.4402282162597988e-11
2.96	2.435618398922349e-11
2.962	2.430965746265214e-11
2.964	2.42631309360808e-11
2.966	2.4216604409509452e-11
2.968	2.4170077882938116e-11
2.97	2.4123551356366764e-11
2.972	2.4076592007730862e-11
2.974	2.4029632659094947e-11
2.976	2.3982673310459042e-11
2.978	2.3935713961823128e-11
2.98	2.3888754613187226e-11
2.982	2.3841357630987863e-11
2.984	2.379396064878851e-11
2.986	2.374656366658915e-11
2.988	2.36991666843898e-11
2.99	2.3651769702190437e-11
2.992	2.360392990112364e-11
2.994	2.3556090100056835e-11
2.996	2.350825029899004e-11
2.998	2.3460410497923237e-11
3.	2.3412570696856443e-11
3.0020000000000002	2.3364282483186628e-11
3.004	2.331599426951683e-11
3.0060000000000002	2.3267706055847016e-11
3.008	2.3219417842177217e-11
3.0100000000000002	2.3171129628507402e-11
3.012	2.312238696380545e-11
3.0140000000000002	2.307364429910349e-11
3.016	2.302490163440154e-11
3.0180000000000002	2.2976158969699576e-11
3.02	2.2927416304997625e-11
3.0220000000000002	2.2878212662354892e-11
3.024	2.2829009019712176e-11
3.0260000000000002	2.277980537706944e-11
3.028	2.273060173442672e-11
3.0300000000000002	2.2681398091783992e-11
3.032	2.2631726411384188e-11
3.0340000000000003	2.2582054730984374e-11
3.036	2.253238305058457e-11
3.0380000000000003	2.2482711370184757e-11
3.04	2.2433039689784953e-11
3.0420000000000003	2.2382892327754356e-11
3.044	2.233274496572377e-11
3.0460000000000003	2.2282597603693177e-11
3.048	2.223245024166259e-11
3.0500000000000003	2.2182302879631992e-11
3.052	2.213167155178878e-11
3.0540000000000003	2.208104022394556e-11
3.056	2.2030408896102345e-11
3.0580000000000003	2.1979777568259124e-11
3.06	2.1929146240415913e-11
3.0620000000000003	2.18780219598421e-11
3.064	2.1826897679268298e-11
3.0660000000000003	2.1775773398694484e-11
3.068	2.1724649118120683e-11
3.0700000000000003	2.167352483754687e-11
3.072	2.1621897845175693e-11
3.0740000000000003	2.15702708528045e-11
3.076	2.1518643860433324e-11
3.0780000000000003	2.146701686806213e-11
3.08	2.1415389875690952e-11
3.0820000000000003	2.1363249562976394e-11
3.084	2.131110925026185e-11
3.0860000000000003	2.1258968937547287e-11
3.088	2.1206828624832746e-11
3.0900000000000003	2.1154688312118184e-11
3.092	2.1102023134707372e-11
3.094	2.1049357957296564e-11
3.096	2.0996692779885742e-11
3.098	2.094402760247493e-11
3.1	2.089136242506411e-11
3.102	2.0838159806217416e-11
3.104	2.0784957187370707e-11
3.106	2.073175456852401e-11
3.108	2.0678551949677305e-11
3.11	2.062534933083061e-11
3.112	2.0571595553127895e-11
3.114	2.05178417754252e-11
3.116	2.0464087997722488e-11
3.118	2.0410334220019787e-11
3.12	2.0356580442317075e-11
3.122	2.0302260525939864e-11
3.124	2.024794060956264e-11
3.126	2.019362069318543e-11
3.128	2.0139300776808206e-11
3.13	2.0084980860430994e-11
3.132	2.0030078426013403e-11
3.134	1.9975175991595818e-11
3.136	1.9920273557178224e-11
3.138	1.9865371122760645e-11
3.14	1.981046868834305e-11
3.142	1.9754965802026567e-11
3.144	1.9699462915710073e-11
3.146	1.9643960029393593e-11
3.148	1.95884571430771e-11
3.15	1.9532954256760615e-11
3.152	1.9476831254654395e-11
3.154	1.9420708252548187e-11
3.156	1.9364585250441967e-11
3.158	1.9308462248335756e-11
3.16	1.925233924622954e-11
3.162	1.9195574534951703e-11
3.164	1.9138809823673853e-11
3.166	1.908204511239602e-11
3.168	1.9025280401118177e-11
3.17	1.8968515689840338e-11
3.172	1.891108551917168e-11
3.174	1.8853655348503033e-11
3.176	1.8796225177834372e-11
3.178	1.8738795007165727e-11
3.18	1.8681364836497066e-11
3.182	1.8623243039388416e-11
3.184	1.8565121242279755e-11
3.186	1.8506999445171104e-11
3.188	1.8448877648062438e-11
3.19	1.8390755850953793e-11
3.192	1.8331913545149853e-11
3.194	1.8273071239345932e-11
3.196	1.8214228933542e-11
3.198	1.8155386627738075e-11
3.2	1.809654432193414e-11
3.202	1.803694956626187e-11
3.204	1.797735481058959e-11
3.206	1.791776005491732e-11
3.208	1.7858165299245037e-11
3.21	1.7798570543572774e-11
3.212	1.773818794041965e-11
3.214	1.7677805337266545e-11
3.216	1.7617422734113427e-11
3.218	1.755704013096032e-11
3.22	1.7496657527807202e-11
3.222	1.7435447761397438e-11
3.224	1.737423799498766e-11
3.226	1.7313028228577894e-11
3.228	1.7251818462168117e-11
3.23	1.7190608695758354e-11
3.232	1.712852799339849e-11
3.234	1.7066447291038642e-11
3.236	1.7004366588678776e-11
3.238	1.6942285886318927e-11
3.24	1.6880205183959064e-11
3.242	1.681720468430781e-11
3.244	1.6754204184656547e-11
3.246	1.6691203685005293e-11
3.248	1.662820318535403e-11
3.25	1.6565202685702775e-11
3.2520000000000002	1.6501227694094824e-11
3.254	1.6437252702486887e-11
3.2560000000000002	1.637327771087894e-11
3.258	1.6309302719271002e-11
3.2600000000000002	1.6245327727663052e-11
3.262	1.6180316833276453e-11
3.2640000000000002	1.6115305938889838e-11
3.266	1.605029504450324e-11
3.2680000000000002	1.5985284150116627e-11
3.27	1.5920273255730025e-11
3.2720000000000002	1.5854157278491793e-11
3.274	1.5788041301253574e-11
3.2760000000000002	1.5721925324015342e-11
3.278	1.5655809346777124e-11
3.2800000000000002	1.5589693369538892e-11
3.282	1.5522394095501117e-11
3.2840000000000003	1.545509482146333e-11
3.286	1.5387795547425556e-11
3.2880000000000003	1.5320496273387768e-11
3.29	1.5253196999349994e-11
3.2920000000000003	1.5184625650949415e-11
3.294	1.5116054302548853e-11
3.2960000000000003	1.5047482954148274e-11
3.298	1.497891160574771e-11
3.3000000000000003	1.4910340257347132e-11
3.302	1.4840395628195317e-11
3.3040000000000003	1.4770450999043485e-11
3.306	1.4700506369891672e-11
3.3080000000000003	1.463056174073984e-11
3.31	1.4560617111588025e-11
3.3120000000000003	1.4489183272310397e-11
3.314	1.4417749433032784e-11
3.3160000000000003	1.4346315593755156e-11
3.318	1.4274881754477542e-11
3.3200000000000003	1.4203447915199914e-11
3.322	1.4130391364468533e-11
3.3240000000000003	1.4057334813737133e-11
3.326	1.3984278263005752e-11
3.3280000000000003	1.3911221712274352e-11
3.33	1.3838165161542971e-11
3.3320000000000003	1.376333125039481e-11
3.334	1.3688497339246668e-11
3.3360000000000003	1.3613663428098511e-11
3.338	1.3538829516950368e-11
3.3400000000000003	1.3463995605802209e-11
3.342	1.3387203996658841e-11
3.3440000000000003	1.3310412387515454e-11
3.346	1.3233620778372087e-11
3.3480000000000003	1.3156829169228702e-11
3.35	1.3080037560085334e-11
3.352	1.3001076383436123e-11
3.354	1.2922115206786896e-11
3.356	1.2843154030137687e-11
3.358	1.276419285348846e-11
3.36	1.268523167683925e-11
3.362	1.2603849899972428e-11
3.364	1.2522468123105622e-11
3.366	1.2441086346238798e-11
3.368	1.2359704569371994e-11
3.37	1.2278322792505171e-11
3.372	1.2193971422852975e-11
3.374	1.210962005320076e-11
3.376	1.2025268683548564e-11
3.378	1.1940917313896346e-11
3.38	1.185656594424415e-11
3.382	1.176830904798843e-11
3.384	1.168005215173273e-11
3.386	1.1591795255477011e-11
3.388	1.150353835922131e-11
3.39	1.1415281462965589e-11
3.392	1.1322596225224311e-11
3.394	1.1229910987483011e-11
3.396	1.1137225749741732e-11
3.398	1.1044540512000433e-11
3.4	1.0951855274259152e-11
3.402	1.0854166299418495e-11
3.404	1.075647732457786e-11
3.406	1.06587883497372e-11
3.408	1.0561099374896563e-11
3.41	1.0463410400055905e-11
3.412	1.03599946297387e-11
3.414	1.0256578859421469e-11
3.416	1.015316308910426e-11
3.418	1.004974731878703e-11
3.42	9.946331548469821e-12
3.422	9.836258953988268e-12
3.424	9.726186359506736e-12
3.426	9.616113765025179e-12
3.428	9.506041170543646e-12
3.43	9.395968576062091e-12
3.432	9.27800815441118e-12
3.434	9.160047732760242e-12
3.436	9.042087311109331e-12
3.438	8.924126889458395e-12
3.44	8.806166467807483e-12
3.442	8.678628925095202e-12
3.444	8.551091382382949e-12
3.446	8.423553839670664e-12
3.448	8.29601629695841e-12
3.45	8.168478754246128e-12
3.452	8.028934305988696e-12
3.454	7.889389857731232e-12
3.456	7.7498454094738e-12
3.458	7.610300961216336e-12
3.46	7.470756512958902e-12
3.462	7.315479741263772e-12
3.464	7.160202969568674e-12
3.466	7.00492619787354e-12
3.468	6.849649426178441e-12
3.47	6.694372654483309e-12
3.472	6.517099349206614e-12
3.474	6.33982604392988e-12
3.476	6.162552738653187e-12
3.478	5.985279433376452e-12
3.48	5.808006128099758e-12
3.482	5.5965374057756085e-12
3.484	5.385068683451506e-12
3.486	5.173599961127357e-12
3.488	4.962131238803254e-12
3.49	4.750662516479104e-12
3.492	4.473550161338176e-12
3.494	4.196437806197187e-12
3.496	3.919325451056258e-12
3.498	3.642213095915269e-12
3.5	3.3651007407743406e-12
3.5020000000000002	2.6920805926194126e-12
3.504	2.019060444464634e-12
3.5060000000000002	1.3460402963097063e-12
3.508	6.730201481549279e-13
3.5100000000000002	0.
3.512	0.
3.5140000000000002	0.
3.516	0.
3.5180000000000002	0.
3.52	0.
3.5220000000000002	0.
3.524	0.
3.5260000000000002	0.
3.528	0.
3.5300000000000002	0.
3.532	0.
3.5340000000000003	0.
3.536	0.
3.5380000000000003	0.
3.54	0.
3.5420000000000003	0.
3.544	0.
3.5460000000000003	0.
3.548	0.
3.5500000000000003	0.
3.552	0.
3.5540000000000003	0.
3.556	0.
3.5580000000000003	0.
3.56	0.
3.5620000000000003	0.
3.564	0.
3.5660000000000003	0.
3.568	0.
3.5700000000000003	0.
3.572	0.
3.5740000000000003	0.
3.576	0.
3.5780000000000003	0.
3.58	0.
3.5820000000000003	0.
3.584	0.
3.5860000000000003	0.
3.588	0.
3.5900000000000003	0.
3.592	0.
3.5940000000000003	0.
3.596	0.
3.5980000000000003	0.
3.6	0.
3.6020000000000003	0.
3.604	0.
3.606	0.
3.608	0.
3.61	0.
3.612	0.
3.614	0.
3.616	0.
3.618	0.
3.62	0.
3.622	0.
3.624	0.
3.626	0.
3.628	0.
3.63	0.
3.632	0.
3.634	0.
3.636	0.
3.638	0.
3.64	0.
3.642	0.
3.644	0.
3.646	0.
3.648	0.
3.65	0.
3.652	0.
3.654	0.
3.656	0.
3.658	0.
3.66	0.
3.662	0.
3.664	0.
3.666	0.
3.668	0.
3.67	0.
3.672	0.
3.674	0.
3.676	0.
3.678	0.
3.68	0.
3.682	0.
3.684	0.
3.686	0.
3.688	0.
3.69	0.
3.692	0.
3.694	0.
3.696	0.
3.698	0.
3.7	0.
3.702	0.
3.704	0.
3.706	0.
3.708	0.
3.71	0.
3.712	0.
3.714	0.
3.716	0.
3.718	0.
3.72	0.
3.722	0.
3.724	0.
3.726	0.
3.728	0.
3.73	0.
3.732	0.
3.734	0.
3.736	0.
3.738	0.
3.74	0.
3.742	0.
3.744	0.
3.746	0.
3.748	0.
3.75	0.
3.7520000000000002	0.
3.754	0.
3.7560000000000002	0.
3.758	0.
3.7600000000000002	0.
3.762	0.
3.7640000000000002	0.
3.766	0.
3.7680000000000002	0.
3.77	0.
3.7720000000000002	0.
3.774	0.
3.7760000000000002	0.
3.778	0.
3.7800000000000002	0.
3.782	0.
3.7840000000000003	0.
3.786	0.
3.7880000000000003	0.
3.79	0.
3.7920000000000003	0.
3.794	0.
3.7960000000000003	0.
3.798	0.
3.8000000000000003	0.
3.802	0.
3.8040000000000003	0.
3.806	0.
3.8080000000000003	0.
3.81	0.
3.8120000000000003	0.
3.814	0.
3.8160000000000003	0.
3.818	0.
3.8200000000000003	0.
3.822	0.
3.8240000000000003	0.
3.826	0.
3.8280000000000003	0.
3.83	0.
3.8320000000000003	0.
3.834	0.
3.8360000000000003	0.
3.838	0.
3.8400000000000003	0.
3.842	0.
3.8440000000000003	0.
3.846	0.
3.8480000000000003	0.
3.85	0.
3.8520000000000003	0.
3.854	0.
3.8560000000000003	0.
3.858	0.
3.86	0.
3.862	0.
3.864	0.
3.866	0.
3.868	0.
3.87	0.
3.872	0.
3.874	0.
3.876	0.
3.878	0.
3.88	0.
3.882	0.
3.884	0.
3.886	0.
3.888	0.
3.89	0.
3.892	0.
3.894	0.
3.896	0.
3.898	0.
3.9	0.
3.902	0.
3.904	0.
3.906	0.
3.908	0.
3.91	0.
3.912	0.
3.914	0.
3.916	0.
3.918	0.
3.92	0.
3.922	0.
3.924	0.
3.926	0.
3.928	0.
3.93	0.
3.932	0.
3.934	0.
3.936	0.
3.938	0.
3.94	0.
3.942	0.
3.944	0.
3.946	0.
3.948	0.
3.95	0.
3.952	0.
3.954	0.
3.956	0.
3.958	0.
3.96	0.
3.962	0.
3.964	0.
3.966	0.
3.968	0.
3.97	0.
3.972	0.
3.974	0.
3.976	0.
3.978	0.
3.98	0.
3.982	0.
3.984	0.
3.986	0.
3.988	0.
3.99	0.
3.992	0.
3.994	0.
3.996	0.
3.998	0.
4.	0.
4.002	0.
4.004	0.
4.006	0.
4.008	0.
4.01	0.
4.012	0.
4.014	0.
4.016	0.
4.018	0.
4.02	0.
4.021999999999999	0.
4.024	0.
4.026	0.
4.028	0.
4.029999999999999	0.
4.032	0.
4.034	0.
4.036	0.
4.037999999999999	0.
4.04	0.
4.042	0.
4.044	0.
4.045999999999999	0.
4.048	0.
4.05	0.
4.052	0.
4.053999999999999	0.
4.056	0.
4.058	0.
4.06	0.
4.061999999999999	0.
4.064	0.
4.066	0.
4.068	0.
4.069999999999999	0.
4.072	0.
4.074	0.
4.076	0.
4.077999999999999	0.
4.08	0.
4.082	0.
4.084	0.
4.085999999999999	0.
4.088	0.
4.09	0.
4.092	0.
4.093999999999999	0.
4.096	0.
4.098	0.
4.1	0.
4.101999999999999	0.
4.104	0.
4.106	0.
4.108	0.
4.109999999999999	0.
4.112	0.
4.114	0.
4.116	0.
4.117999999999999	0.
4.119999999999999	0.
4.122	0.
4.124	0.
4.1259999999999994	0.
4.127999999999999	0.
4.13	0.
4.132	0.
4.1339999999999995	0.
4.135999999999999	0.
4.138	0.
4.14	0.
4.1419999999999995	0.
4.143999999999999	0.
4.146	0.
4.148	0.
4.1499999999999995	0.
4.151999999999999	0.
4.154	0.
4.156	0.
4.1579999999999995	0.
4.159999999999999	0.
4.162	0.
4.164	0.
4.1659999999999995	0.
4.167999999999999	0.
4.17	0.
4.172	0.
4.1739999999999995	0.
4.175999999999999	0.
4.178	0.
4.18	0.
4.1819999999999995	0.
4.183999999999999	0.
4.186	0.
4.188	0.
4.1899999999999995	0.
4.191999999999999	0.
4.194	0.
4.196	0.
4.1979999999999995	0.
4.199999999999999	0.
4.202	0.
4.204	0.
4.2059999999999995	0.
4.207999999999999	0.
4.21	0.
4.212	0.
4.2139999999999995	0.
4.215999999999999	0.
4.218	0.
4.22	0.
4.2219999999999995	0.
4.223999999999999	0.
4.226	0.
4.228	0.
4.2299999999999995	0.
4.231999999999999	0.
4.234	0.
4.236	0.
4.2379999999999995	0.
4.239999999999999	0.
4.242	0.
4.244	0.
4.2459999999999996	0.
4.247999999999999	0.
4.25	0.
4.252	0.
4.254	0.
4.255999999999999	0.
4.258	0.
4.26	0.
4.262	0.
4.263999999999999	0.
4.266	0.
4.268	0.
4.27	0.
4.271999999999999	0.
4.274	0.
4.276	0.
4.278	0.
4.279999999999999	0.
4.282	0.
4.284	0.
4.286	0.
4.287999999999999	0.
4.29	0.
4.292	0.
4.294	0.
4.295999999999999	0.
4.298	0.
4.3	0.
4.302	0.
4.303999999999999	0.
4.306	0.
4.308	0.
4.31	0.
4.311999999999999	0.
4.314	0.
4.316	0.
4.318	0.
4.319999999999999	0.
4.322	0.
4.324	0.
4.326	0.
4.327999999999999	0.
4.33	0.
4.332	0.
4.334	0.
4.335999999999999	0.
4.338	0.
4.34	0.
4.342	0.
4.343999999999999	0.
4.346	0.
4.348	0.
4.35	0.
4.351999999999999	0.
4.354	0.
4.356	0.
4.358	0.
4.359999999999999	0.
4.362	0.
4.364	0.
4.366	0.
4.367999999999999	0.
4.37	0.
4.372	0.
4.374	0.
4.3759999999999994	0.
4.377999999999999	0.
4.38	0.
4.382	0.
4.3839999999999995	0.
4.385999999999999	0.
4.388	0.
4.39	0.
4.3919999999999995	0.
4.393999999999999	0.
4.396	0.
4.398	0.
4.3999999999999995	0.
4.401999999999999	0.
4.404	0.
4.406	0.
4.4079999999999995	0.
4.409999999999999	0.
4.412	0.
4.414	0.
4.4159999999999995	0.
4.417999999999999	0.
4.42	0.
4.422	0.
4.4239999999999995	0.
4.425999999999999	0.
4.428	0.
4.43	0.
4.4319999999999995	0.
4.433999999999999	0.
4.436	0.
4.438	0.
4.4399999999999995	0.
4.441999999999999	0.
4.444	0.
4.446	0.
4.4479999999999995	0.
4.449999999999999	0.
4.452	0.
4.454	0.
4.4559999999999995	0.
4.457999999999999	0.
4.46	0.
4.462	0.
4.4639999999999995	0.
4.465999999999999	0.
4.468	0.
4.47	0.
4.4719999999999995	0.
4.473999999999999	0.
4.476	0.
4.478	0.
4.4799999999999995	0.
4.481999999999999	0.
4.484	0.
4.486	0.
4.4879999999999995	0.
4.489999999999999	0.
4.492	0.
4.494	0.
4.4959999999999996	0.
4.497999999999999	0.
4.5	0.
4.502	0.
4.504	0.
4.505999999999999	0.
4.508	0.
4.51	0.
4.512	0.
4.513999999999999	0.
4.516	0.
4.518	0.
4.52	0.
4.521999999999999	0.
4.524	0.
4.526	0.
4.528	0.
4.529999999999999	0.
4.532	0.
4.534	0.
4.536	0.
4.537999999999999	0.
4.54	0.
4.542	0.
4.544	0.
4.545999999999999	0.
4.548	0.
4.55	0.
4.552	0.
4.553999999999999	0.
4.556	0.
4.558	0.
4.56	0.
4.561999999999999	0.
4.564	0.
4.566	0.
4.568	0.
4.569999999999999	0.
4.572	0.
4.574	0.
4.576	0.
4.577999999999999	0.
4.58	0.
4.582	0.
4.584	0.
4.585999999999999	0.
4.588	0.
4.59	0.
4.592	0.
4.593999999999999	0.
4.596	0.
4.598	0.
4.6	0.
4.601999999999999	0.
4.604	0.
4.606	0.
4.608	0.
4.609999999999999	0.
4.612	0.
4.614	0.
4.616	0.
4.617999999999999	0.
4.62	0.
4.622	0.
4.624	0.
4.6259999999999994	0.
4.628	0.
4.63	0.
4.632	0.
4.6339999999999995	0.
4.635999999999999	0.
4.638	0.
4.64	0.
4.6419999999999995	0.
4.643999999999999	0.
4.646	0.
4.648	0.
4.6499999999999995	0.
4.651999999999999	0.
4.654	0.
4.656	0.
4.6579999999999995	0.
4.659999999999999	0.
4.662	0.
4.664	0.
4.6659999999999995	0.
4.667999999999999	0.
4.67	0.
4.672	0.
4.6739999999999995	0.
4.675999999999999	0.
4.678	0.
4.68	0.
4.6819999999999995	0.
4.683999999999999	0.
4.686	0.
4.688	0.
4.6899999999999995	0.
4.691999999999999	0.
4.694	0.
4.696	0.
4.6979999999999995	0.
4.699999999999999	0.
4.702	0.
4.704	0.
4.7059999999999995	0.
4.707999999999999	0.
4.71	0.
4.712	0.
4.7139999999999995	0.
4.715999999999999	0.
4.718	0.
4.72	0.
4.7219999999999995	0.
4.723999999999999	0.
4.726	0.
4.728	0.
4.7299999999999995	0.
4.731999999999999	0.
4.734	0.
4.736	0.
4.7379999999999995	0.
4.739999999999999	0.
4.742	0.
4.744	0.
4.7459999999999996	0.
4.747999999999999	0.
4.75	0.
4.752	0.
4.754	0.
4.755999999999999	0.
4.758	0.
4.76	0.
4.762	0.
4.763999999999999	0.
4.766	0.
4.768	0.
4.77	0.
4.771999999999999	0.
4.774	0.
4.776	0.
4.778	0.
4.779999999999999	0.
4.782	0.
4.784	0.
4.786	0.
4.787999999999999	0.
4.79	0.
4.792	0.
4.794	0.
4.795999999999999	0.
4.798	0.
4.8	0.
4.802	0.
4.803999999999999	0.
4.806	0.
4.808	0.
4.81	0.
4.811999999999999	0.
4.814	0.
4.816	0.
4.818	0.
4.819999999999999	0.
4.822	0.
4.824	0.
4.826	0.
4.827999999999999	0.
4.83	0.
4.832	0.
4.834	0.
4.835999999999999	0.
4.838	0.
4.84	0.
4.842	0.
4.843999999999999	0.
4.846	0.
4.848	0.
4.85	0.
4.851999999999999	0.
4.854	0.
4.856	0.
4.858	0.
4.859999999999999	0.
4.862	0.
4.864	0.
4.866	0.
4.867999999999999	0.
4.87	0.
4.872	0.
4.874	0.
4.8759999999999994	0.
4.878	0.
4.88	0.
4.882	0.
4.8839999999999995	0.
4.885999999999999	0.
4.888	0.
4.89	0.
4.8919999999999995	0.
4.893999999999999	0.
4.896	0.
4.898	0.
4.8999999999999995	0.
4.901999999999999	0.
4.904	0.
4.906	0.
4.9079999999999995	0.
4.909999999999999	0.
4.912	0.
4.914	0.
4.9159999999999995	0.
4.917999999999999	0.
4.92	0.
4.922	0.
4.9239999999999995	0.
4.925999999999999	0.
4.928	0.
4.93	0.
4.9319999999999995	0.
4.933999999999999	0.
4.936	0.
4.938	0.
4.9399999999999995	0.
4.941999999999999	0.
4.944	0.
4.946	0.
4.9479999999999995	0.
4.949999999999999	0.
4.952	0.
4.954	0.
4.9559999999999995	0.
4.957999999999999	0.
4.96	0.
4.962	0.
4.9639999999999995	0.
4.965999999999999	0.
4.968	0.
4.97	0.
4.9719999999999995	0.
4.973999999999999	0.
4.976	0.
4.978	0.
4.9799999999999995	0.
4.981999999999999	0.
4.984	0.
4.986	0.
4.9879999999999995	0.
4.989999999999999	0.
4.992	0.
4.994	0.
4.9959999999999996	0.
4.997999999999999	0.
5.	0.
5.002	0.
5.004	0.
5.005999999999999	0.
5.008	0.
5.01	0.
5.012	0.
5.013999999999999	0.
5.016	0.
5.018	0.
5.02	0.
5.021999999999999	0.
5.024	0.
5.026	0.
5.028	0.
5.029999999999999	0.
5.032	0.
5.034	0.
5.036	0.
5.037999999999999	0.
5.04	0.
5.042	0.
5.044	0.
5.045999999999999	0.
5.048	0.
5.05	0.
5.052	0.
5.053999999999999	0.
5.056	0.
5.058	0.
5.06	0.
5.061999999999999	0.
5.064	0.
5.066	0.
5.068	0.
5.069999999999999	0.
5.072	0.
5.074	0.
5.076	0.
5.077999999999999	0.
5.08	0.
5.082	0.
5.084	0.
5.085999999999999	0.
5.088	0.
5.09	0.
5.092	0.
5.093999999999999	0.
5.096	0.
5.098	0.
5.1	0.
5.101999999999999	0.
5.104	0.
5.106	0.
5.108	0.
5.109999999999999	0.
5.112	0.
5.114	0.
5.116	0.
5.117999999999999	0.
5.12	0.
5.122	0.
5.124	0.
5.1259999999999994	0.
5.128	0.
5.13	0.
5.132	0.
5.1339999999999995	0.
5.136	0.
5.138	0.
5.14	0.
5.1419999999999995	0.
5.143999999999999	0.
5.146	0.
5.148	0.
5.1499999999999995	0.
5.151999999999999	0.
5.154	0.
5.156	0.
5.1579999999999995	0.
5.159999999999999	0.
5.162	0.
5.164	0.
5.1659999999999995	0.
5.167999999999999	0.
5.17	0.
5.172	0.
5.1739999999999995	0.
5.175999999999999	0.
5.178	0.
5.18	0.
5.1819999999999995	0.
5.183999999999999	0.
5.186	0.
5.188	0.
5.1899999999999995	0.
5.191999999999999	0.
5.194	0.
5.196	0.
5.1979999999999995	0.
5.199999999999999	0.
5.202	0.
5.204	0.
5.2059999999999995	0.
5.207999999999999	0.
5.21	0.
5.212	0.
5.2139999999999995	0.
5.215999999999999	0.
5.218	0.
5.22	0.
5.2219999999999995	0.
5.223999999999999	0.
5.226	0.
5.228	0.
5.2299999999999995	0.
5.231999999999999	0.
5.234	0.
5.236	0.
5.2379999999999995	0.
5.239999999999999	0.
5.242	0.
5.244	0.
5.2459999999999996	0.
5.247999999999999	0.
5.25	0.
5.252	0.
5.254	0.
5.255999999999999	0.
5.258	0.
5.26	0.
5.262	0.
5.263999999999999	0.
5.266	0.
5.268	0.
5.27	0.
5.271999999999999	0.
5.274	0.
5.276	0.
5.278	0.
5.279999999999999	0.
5.282	0.
5.284	0.
5.286	0.
5.287999999999999	0.
5.29	0.
5.292	0.
5.294	0.
5.295999999999999	0.
5.298	0.
5.3	0.
5.302	0.
5.303999999999999	0.
5.306	0.
5.308	0.
5.31	0.
5.311999999999999	0.
5.314	0.
5.316	0.
5.318	0.
5.319999999999999	0.
5.322	0.
5.324	0.
5.326	0.
5.327999999999999	0.
5.33	0.
5.332	0.
5.334	0.
5.335999999999999	0.
5.338	0.
5.34	0.
5.342	0.
5.343999999999999	0.
5.346	0.
5.348	0.
5.35	0.