0.02	0.005007553191598142
0.022	0.005938745582929935
0.024	0.006957145411955414
0.026000000000000002	0.008062350721286207
0.028	0.009253925040892319
0.03	0.010531397452168915
0.032	0.011894262785605491
0.034	0.013341981671845818
0.036000000000000004	0.01487398072194046
0.038000000000000006	0.01648965263162476
0.04	0.018188356413181048
0.041999999999999996	0.01996941740480057
0.044	0.02183212759143814
0.046	0.02377574570478771
0.048	0.025799497423530444
0.05	0.027902613363321435
0.052000000000000005	0.030084178103544024
0.054000000000000006	0.03234335716432909
0.05600000000000001	0.034679246046422106
0.057999999999999996	0.037090908259311405
0.06	0.039577375551947014
0.062	0.04213764816965149
0.064	0.04477069509890744
0.066	0.047475454335449876
0.068	0.0502508331558567
0.07	0.05309570839853325
0.07200000000000001	0.05600892675278869
0.074	0.058989305057063936
0.076	0.06203563060584674
0.078	0.06514666146427575
0.08	0.06832112679358446
0.082	0.07155772718216363
0.084	0.0748551349885083
0.08600000000000001	0.07821199468985908
0.08800000000000001	0.08162692324083903
0.09000000000000001	0.08509851044167031
0.09200000000000001	0.08862531931327741
0.094	0.09220588648199325
0.096	0.09583872257271436
0.098	0.09952231261066995
0.1	0.10325511643205837
0.10200000000000001	0.1070355691025382
0.10400000000000001	0.11086208134577306
0.10600000000000001	0.11473303997920653
0.108	0.11864680835943588
0.11	0.12260172683544449
0.112	0.1265961132112352
0.114	0.13062826321672402
0.116	0.1346964509869429
0.11800000000000001	0.13879892955083328
0.12000000000000001	0.1429339313277164
0.12200000000000001	0.14709966863285454
0.12400000000000001	0.15129433419163674
0.126	0.155516101662323
0.128	0.15976312616747
0.13	0.16403354483413501
0.132	0.16832547734196215
0.134	0.17263702648167162
0.136	0.1769662787197238
0.138	0.1813113047740525
0.13999999999999999	0.1856701601967151
0.142	0.19005669533001995
0.144	0.1944432304633248
0.146	0.19882976559662963
0.148	0.20321630072993446
0.15	0.20760283586323933
0.152	0.21199865240946691
0.154	0.2163944689556945
0.156	0.22079028550192212
0.158	0.22518610204814968
0.16	0.22958191859437724
0.162	0.23393573511497362
0.164	0.23828955163556995
0.16599999999999998	0.24264336815616616
0.16799999999999998	0.24699718467676254
0.16999999999999998	0.2513510011973588
0.172	0.25561060400951024
0.174	0.25987020682166173
0.176	0.2641298096338131
0.178	0.2683894124459646
0.18	0.2726490152581161
0.182	0.27676170399341044
0.184	0.28087439272870485
0.186	0.2849870814639993
0.188	0.2890997701992938
0.19	0.2932124589345882
0.192	0.2971255190929389
0.194	0.3010385792512896
0.19599999999999998	0.3049516394096402
0.19799999999999998	0.3088646995679909
0.19999999999999998	0.31277775972634153
0.20199999999999999	0.31643896223823736
0.204	0.3201001647501331
0.206	0.3237613672620288
0.208	0.32742256977392464
0.21	0.33108377228582037
0.212	0.33444190007731533
0.214	0.33780002786881025
0.216	0.3411581556603052
0.218	0.3445162834518002
0.22	0.34787441124329516
0.222	0.3508798128054516
0.224	0.35388521436760817
0.226	0.3568906159297647
0.228	0.3598960174919212
0.22999999999999998	0.36290141905407763
0.23199999999999998	0.36550658901468436
0.23399999999999999	0.36811175897529097
0.236	0.37071692893589764
0.238	0.3733220988965043
0.24	0.37592726885711103
0.242	0.3780874555583904
0.244	0.3802476422596699
0.246	0.3824078289609494
0.248	0.3845680156622288
0.25	0.38672820236350824
0.252	0.38840204244132576
0.254	0.3900758825191431
0.256	0.39174972259696045
0.258	0.3934235626747779
0.26	0.39509740275259536
0.262	0.39624758272089255
0.264	0.3973977626891896
0.266	0.3985479426574868
0.268	0.39969812262578386
0.27	0.40084830259408105
0.272	0.4014422474324299
0.274	0.4020361922707788
0.276	0.40263013710912765
0.278	0.40322408194747655
0.28	0.40381802678582535
0.28200000000000003	0.4038286155308513
0.28400000000000003	0.4038392042758774
0.28600000000000003	0.4038497930209033
0.28800000000000003	0.4038603817659293
0.29000000000000004	0.4038709705109553
0.29200000000000004	0.4032772788514618
0.29400000000000004	0.4026835871919683
0.29600000000000004	0.4020898955324749
0.29800000000000004	0.4014962038729814
0.30000000000000004	0.4009025122134879
0.30200000000000005	0.39969058208928687
0.30400000000000005	0.39847865196508586
0.30600000000000005	0.3972667218408848
0.30800000000000005	0.39605479171668384
0.31	0.3948428615924828
0.312	0.3930064977970492
0.314	0.39117013400161554
0.316	0.38933377020618193
0.318	0.3874974064107483
0.32	0.3856610426153147
0.322	0.38320263640159297
0.324	0.3807442301878713
0.326	0.3782858239741495
0.328	0.37582741776042783
0.33	0.3733690115467061
0.332	0.37030039123792574
0.334	0.3672317709291454
0.336	0.364163150620365
0.338	0.3610945303115846
0.34	0.3580259100028042
0.342	0.3543692186052255
0.34400000000000003	0.35071252720764684
0.34600000000000003	0.3470558358100681
0.34800000000000003	0.3433991444124894
0.35000000000000003	0.33974245301491074
0.35200000000000004	0.33553105283604406
0.35400000000000004	0.33131965265717733
0.35600000000000004	0.32710825247831055
0.35800000000000004	0.32289685229944387
0.36000000000000004	0.3186854521205771
0.36200000000000004	0.31396485638905464
0.36400000000000005	0.30924426065753213
0.36600000000000005	0.3045236649260096
0.36800000000000005	0.2998030691944871
0.37000000000000005	0.2950824734629646
0.372	0.2899113049544389
0.374	0.284740136445913
0.376	0.27956896793738717
0.378	0.2743977994288614
0.38	0.2692266309203355
0.382	0.2636776075852927
0.384	0.2581285842502499
0.386	0.2525795609152071
0.388	0.24703053758016438
0.39	0.24148151424512163
0.392	0.23564246184109178
0.394	0.229803409437062
0.396	0.22396435703303222
0.398	0.21812530462900243
0.4	0.21228625222497263
0.402	0.20626114395208295
0.404	0.20023603567919326
0.406	0.19421092740630366
0.40800000000000003	0.18818581913341395
0.41000000000000003	0.18216071086052427
0.41200000000000003	0.17607073400186513
0.41400000000000003	0.16998075714320596
0.41600000000000004	0.1638907802845468
0.41800000000000004	0.15780080342588768
0.42000000000000004	0.1517108265672285
0.42200000000000004	0.14569547613045158
0.42400000000000004	0.13968012569367463
0.42600000000000005	0.13366477525689768
0.42800000000000005	0.12764942482012073
0.43000000000000005	0.12163407438334381
0.43200000000000005	0.1158522737481662
0.43400000000000005	0.1100704731129886
0.43600000000000005	0.104288672477811
0.438	0.09850687184263356
0.44	0.09272507120745598
0.442	0.08735631977500058
0.444	0.08198756834254521
0.446	0.07661881691008982
0.448	0.07125006547763445
0.45	0.06588131404517905
0.452	0.06112686188919135
0.454	0.056372409733203635
0.456	0.05161795757721592
0.458	0.04686350542122821
0.46	0.042109053265240504
0.462	0.03819310277663674
0.464	0.034277152288032985
0.466	0.03036120179942922
0.468	0.026445251310825462
0.47000000000000003	0.022529300822221703
0.47200000000000003	0.019700235271101648
0.47400000000000003	0.016871169719981597
0.47600000000000003	0.014042104168861546
0.47800000000000004	0.011213038617741495
0.48000000000000004	0.008383973066621444
0.48200000000000004	0.006915608841578231
0.48400000000000004	0.0054472446165350205
0.48600000000000004	0.003978880391491809
0.48800000000000004	0.0025105161664485975
0.49000000000000005	0.00034996294087823643
0.49200000000000005	0.0003489829711144061
0.49400000000000005	0.00034800300135057573
0.49600000000000005	0.0003470230315867454
0.49800000000000005	0.000346043061822915
0.5	0.0003450630920590847
0.502	0.00034410215628545164
0.504	0.0003431412205118186
0.506	0.00034218028473818554
0.508	0.0003412193489645525
0.51	0.00034025841319091943
0.512	0.0003393174050667677
0.514	0.00033837639694261597
0.516	0.0003374353888184642
0.518	0.0003364943806943125
0.52	0.00033555337257016075
0.522	0.00033463312065922586
0.524	0.0003337128687482909
0.526	0.000332792616837356
0.528	0.00033187236492642104
0.53	0.0003309521130154861
0.532	0.0003300533810900133
0.534	0.00032915464916454066
0.536	0.0003282559172390679
0.538	0.0003273571853135952
0.54	0.0003264584533881224
0.542	0.00032558194131025985
0.544	0.00032470542923239724
0.546	0.0003238289171545348
0.548	0.0003229524050766722
0.55	0.0003220758929988096
0.552	0.0003212222325073172
0.554	0.00032036857201582476
0.556	0.0003195149115243323
0.558	0.00031866125103283995
0.56	0.00031780759054134746
0.562	0.0003169773472985286
0.5640000000000001	0.00031614710405570976
0.5660000000000001	0.0003153168608128909
0.5680000000000001	0.00031448661757007206
0.5700000000000001	0.0003136563743272532
0.5720000000000001	0.00031285004669439985
0.5740000000000001	0.0003120437190615465
0.5760000000000001	0.00031123739142869313
0.5780000000000001	0.0003104310637958397
0.5800000000000001	0.0003096247361629864
0.5820000000000001	0.00030884275495862614
0.5840000000000001	0.00030806077375426593
0.5860000000000001	0.0003072787925499057
0.5880000000000001	0.00030649681134554545
0.5900000000000001	0.0003057148301411852
0.5920000000000001	0.00030495755857820573
0.5940000000000001	0.00030420028701522617
0.5960000000000001	0.0003034430154522467
0.598	0.0003026857438892672
0.6	0.00030192847232628775
0.602	0.0003011962057781668
0.604	0.0003004639392300458
0.606	0.00029973167268192483
0.608	0.0002989994061338039
0.61	0.00029826713958568287
0.612	0.00029756010572685993
0.614	0.0002968530718680371
0.616	0.0002961460380092142
0.618	0.0002954390041503913
0.62	0.0002947319702915684
0.622	0.00029405032920849935
0.624	0.0002933686881254304
0.626	0.0002926870470423614
0.628	0.0002920054059592924
0.63	0.0002913237648762234
0.632	0.0002906676096448433
0.634	0.00029001145441346325
0.636	0.00028935529918208317
0.638	0.00028869914395070315
0.64	0.00028804298871932307
0.642	0.00028741234468842295
0.644	0.0002867817006575228
0.646	0.00028615105662662267
0.648	0.0002855204125957225
0.65	0.0002848897685648224
0.652	0.00028428459596587186
0.654	0.0002836794233669215
0.656	0.00028307425076797097
0.658	0.0002824690781690205
0.66	0.00028186390557007003
0.662	0.00028128409812206454
0.664	0.000280704290674059
0.666	0.0002801244832260535
0.668	0.00027954467577804795
0.67	0.00027896486833004245
0.672	0.0002784102550278124
0.674	0.00027785564172558226
0.676	0.00027730102842335225
0.678	0.0002767464151211221
0.68	0.00027619180181889206
0.682	0.00027566214767363675
0.684	0.00027513249352838155
0.686	0.00027460283938312625
0.6880000000000001	0.000274073185237871
0.6900000000000001	0.00027354353109261575
0.6920000000000001	0.0002730385381636881
0.6940000000000001	0.00027253354523476043
0.6960000000000001	0.0002720285523058328
0.6980000000000001	0.0002715235593769051
0.7000000000000001	0.0002710185664479775
0.7020000000000001	0.0002705378749133462
0.7040000000000001	0.00027005718337871497
0.7060000000000001	0.0002695764918440837
0.7080000000000001	0.00026909580030945245
0.7100000000000001	0.00026861510877482117
0.7120000000000001	0.000268158298470906
0.7140000000000001	0.00026770148816699074
0.7160000000000001	0.00026724467786307554
0.7180000000000001	0.0002667878675591603
0.7200000000000001	0.00026633105725524516
0.7220000000000001	0.0002658976489878619
0.724	0.0002654642407204787
0.726	0.0002650308324530955
0.728	0.00026459742418571226
0.73	0.00026416401591832905
0.732	0.00026375347306266595
0.734	0.00026334293020700286
0.736	0.00026293238735133976
0.738	0.00026252184449567667
0.74	0.0002621113016400136
0.742	0.0002617230319579962
0.744	0.0002613347622759789
0.746	0.0002609464925939615
0.748	0.00026055822291194415
0.75	0.0002601699532299268
0.752	0.00025980331076841005
0.754	0.00025943666830689327
0.756	0.00025907002584537654
0.758	0.00025870338338385975
0.76	0.000258336740922343
0.762	0.00025799102809836213
0.764	0.00025764531527438123
0.766	0.0002572996024504004
0.768	0.0002569538896264195
0.77	0.00025660817680243854
0.772	0.0002562826466559881
0.774	0.00025595711650953776
0.776	0.00025563158636308735
0.778	0.000255306056216637
0.78	0.0002549805260701866
0.782	0.0002546743846870759
0.784	0.0002543682433039652
0.786	0.0002540621019208545
0.788	0.00025375596053774384
0.79	0.00025344981915463317
0.792	0.0002531622282907124
0.794	0.0002528746374267917
0.796	0.00025258704656287094
0.798	0.0002522994556989502
0.8	0.00025201186483502945
0.802	0.0002517419447421883
0.804	0.00025147202464934716
0.806	0.000251202104556506
0.808	0.00025093218446366487
0.81	0.0002506622643708237
0.812	0.00025040909670135997
0.8140000000000001	0.0002501559290318963
0.8160000000000001	0.0002499027613624326
0.8180000000000001	0.0002496495936929689
0.8200000000000001	0.00024939642602350525
0.8220000000000001	0.00024915905738068716
0.8240000000000001	0.0002489216887378691
0.8260000000000001	0.00024868432009505094
0.8280000000000001	0.00024844695145223285
0.8300000000000001	0.00024820958280941476
0.8320000000000001	0.0002479870278698727
0.8340000000000001	0.00024776447293033073
0.8360000000000001	0.0002475419179907887
0.8380000000000001	0.00024731936305124664
0.8400000000000001	0.0002470968081117046
0.8420000000000001	0.00024688805360302145
0.8440000000000001	0.00024667929909433825
0.8460000000000001	0.00024647054458565515
0.8480000000000001	0.00024626179007697195
0.8500000000000001	0.00024605303556828886
0.8520000000000001	0.00024585704427375587
0.854	0.000245661052979223
0.856	0.0002454650616846901
0.858	0.0002452690703901572
0.86	0.00024507307909562426
0.862	0.0002448887942305907
0.864	0.0002447045093655571
0.866	0.00024452022450052356
0.868	0.00024433593963549006
0.87	0.00024415165477045646
0.872	0.0002439780047503333
0.874	0.00024380435473021008
0.876	0.00024363070471008689
0.878	0.00024345705468996367
0.88	0.00024328340466984048
0.882	0.00024311930831408195
0.884	0.00024295521195832345
0.886	0.00024279111560256492
0.888	0.00024262701924680636
0.89	0.00024246292289104785
0.892	0.00024230729514870998
0.894	0.0002421516674063721
0.896	0.0002419960396640342
0.898	0.00024184041192169633
0.9	0.00024168478417935842
0.902	0.0002415365425175638
0.904	0.00024138830085576918
0.906	0.00024124005919397458
0.908	0.00024109181753217997
0.91	0.00024094357587038534
0.912	0.00024080164746292636
0.914	0.00024065971905546735
0.916	0.00024051779064800837
0.918	0.00024037586224054936
0.92	0.00024023393383309038
0.922	0.00024009726383370143
0.924	0.00023996059383431243
0.926	0.00023982392383492345
0.928	0.0002396872538355345
0.93	0.00023955058383614555
0.932	0.00023941814523259543
0.934	0.0002392857066290453
0.936	0.0002391532680254952
0.9380000000000001	0.00023902082942194508
0.9400000000000001	0.00023888839081839496
0.9420000000000001	0.00023875919652876322
0.9440000000000001	0.00023863000223913147
0.9460000000000001	0.00023850080794949973
0.9480000000000001	0.000238371613659868
0.9500000000000001	0.00023824241937023624
0.9520000000000001	0.00023811553824911607
0.9540000000000001	0.00023798865712799586
0.9560000000000001	0.00023786177600687567
0.9580000000000001	0.00023773489488575548
0.9600000000000001	0.00023760801376463528
0.9620000000000001	0.0002374825944928076
0.9640000000000001	0.00023735717522097995
0.9660000000000001	0.00023723175594915225
0.9680000000000001	0.00023710633667732459
0.9700000000000001	0.0002369809174054969
0.9720000000000001	0.00023685623862657227
0.9740000000000001	0.0002367315598476476
0.9760000000000001	0.000236606881068723
0.9780000000000001	0.00023648220228979837
0.98	0.00023635752351087373
0.982	0.0002362330709555925
0.984	0.00023610861840031125
0.986	0.00023598416584503
0.988	0.0002358597132897487
0.99	0.00023573526073446748
0.992	0.00023561061428467977
0.994	0.00023548596783489202
0.996	0.0002353613213851043
0.998	0.00023523667493531662
1.	0.00023511202848552887
1.002	0.0002349867573278437
1.004	0.00023486148617015855
1.006	0.00023473621501247336
1.008	0.0002346109438547882
1.01	0.000234485672697103
1.012	0.00023435932975982845
1.014	0.00023423298682255384
1.016	0.00023410664388527928
1.018	0.0002339803009480047
1.02	0.00023385395801073008
1.022	0.00023372608036512763
1.024	0.00023359820271952512
1.026	0.00023347032507392264
1.028	0.00023334244742832013
1.03	0.00023321456978271768
1.032	0.0002330846790737458
1.034	0.00023295478836477394
1.036	0.00023282489765580206
1.038	0.00023269500694683018
1.04	0.00023256511623785832
1.042	0.0002324327191686569
1.044	0.00023230032209945543
1.046	0.00023216792503025403
1.048	0.0002320355279610526
1.05	0.00023190313089185117
1.052	0.00023176771976111528
1.054	0.00023163230863037937
1.056	0.00023149689749964346
1.058	0.00023136148636890755
1.06	0.00023122607523817166
1.062	0.00023108712852637622
1.064	0.00023094818181458075
1.066	0.00023080923510278536
1.068	0.00023067028839098992
1.07	0.00023053134167919448
1.072	0.00023038832469708965
1.074	0.0002302453077149849
1.076	0.0002301022907328801
1.078	0.00022995927375077534
1.08	0.00022981625676867054
1.082	0.0002296686223384591
1.084	0.00022952098790824765
1.086	0.00022937335347803615
1.088	0.0002292257190478247
1.09	0.00022907808461761325
1.092	0.0002289252738980296
1.094	0.00022877246317844595
1.096	0.0002286196524588623
1.098	0.00022846684173927868
1.1	0.00022831403101969503
1.102	0.00022815547425560138
1.104	0.00022799691749150777
1.106	0.00022783836072741412
1.108	0.0002276798039633205
1.11	0.0002275212471992269
1.112	0.0002273563646862284
1.114	0.00022719148217323001
1.116	0.00022702659966023156
1.118	0.0002268617171472331
1.12	0.00022669683463423464
1.122	0.00022652503768863107
1.124	0.00022635324074302758
1.1260000000000001	0.00022618144379742404
1.1280000000000001	0.00022600964685182048
1.1300000000000001	0.00022583784990621694
1.1320000000000001	0.0002256585418477141
1.1340000000000001	0.00022547923378921127
1.1360000000000001	0.00022529992573070844
1.1380000000000001	0.0002251206176722056
1.1400000000000001	0.00022494130961370274
1.1420000000000001	0.00022475388706401882
1.1440000000000001	0.00022456646451433484
1.1460000000000001	0.00022437904196465094
1.1480000000000001	0.00022419161941496699
1.1500000000000001	0.00022400419686528306
1.1520000000000001	0.0002238080508280099
1.1540000000000001	0.00022361190479073672
1.1560000000000001	0.00022341575875346354
1.1580000000000001	0.0002232196127161904
1.1600000000000001	0.00022302346667891723
1.1620000000000001	0.00022281798394641427
1.1640000000000001	0.00022261250121391132
1.1660000000000001	0.00022240701848140837
1.1680000000000001	0.00022220153574890544
1.1700000000000002	0.0002219960530164025
1.1720000000000002	0.0002217806175984212
1.174	0.0002215651821804399
1.176	0.00022134974676245864
1.178	0.00022113431134447735
1.18	0.00022091887592649606
1.182	0.00022069287060164954
1.184	0.000220466865276803
1.186	0.0002202408599519565
1.188	0.00022001485462710998
1.19	0.00021978884930226345
1.192	0.00021955165729834565
1.194	0.00021931446529442787
1.196	0.00021907727329051007
1.198	0.00021884008128659227
1.2	0.00021860288928267444
1.202	0.00021835389609460289
1.204	0.00021810490290653128
1.206	0.00021785590971845967
1.208	0.00021760691653038806
1.21	0.00021735792334231648
1.212	0.0002170965187008885
1.214	0.0002168351140594606
1.216	0.00021657370941803263
1.218	0.0002163123047766047
1.22	0.00021605090013517673
1.222	0.00021577648014291045
1.224	0.00021550206015064413
1.226	0.0002152276401583778
1.228	0.0002149532201661115
1.23	0.00021467880017384517
1.232	0.00021439076962956623
1.234	0.00021410273908528728
1.236	0.00021381470854100833
1.238	0.00021352667799672939
1.24	0.00021323864745245038
1.242	0.0002129364223868281
1.244	0.00021263419732120575
1.246	0.00021233197225558343
1.248	0.0002120297471899611
1.25	0.0002117275221243388
1.252	0.00021141053257506392
1.254	0.0002110935430257891
1.256	0.00021077655347651424
1.258	0.00021045956392723943
1.26	0.00021014257437796456
1.262	0.0002098102674444042
1.264	0.00020947796051084384
1.266	0.00020914565357728343
1.268	0.00020881334664372305
1.27	0.00020848103971016265
1.272	0.00020813288293235178
1.274	0.00020778472615454096
1.276	0.0002074365693767301
1.278	0.00020708841259891927
1.28	0.0002067402558211084
1.282	0.0002063757409395893
1.284	0.00020601122605807013
1.286	0.00020564671117655097
1.288	0.00020528219629503184
1.29	0.00020491768141351268
1.292	0.00020453632861274415
1.294	0.00020415497581197559
1.296	0.00020377362301120705
1.298	0.0002033922702104385
1.3	0.00020301091740966996
1.302	0.00020261228013284836
1.304	0.00020221364285602674
1.306	0.00020181500557920514
1.308	0.00020141636830238354
1.31	0.00020101773102556192
1.312	0.00020060140155143605
1.314	0.0002001850720773102
1.316	0.00019976874260318436
1.318	0.00019935241312905852
1.32	0.00019893608365493268
1.322	0.00019850169968554853
1.324	0.00019806731571616433
1.326	0.00019763293174678012
1.328	0.000197198547777396
1.33	0.0001967641638080118
1.332	0.00019631141649785903
1.334	0.00019585866918770623
1.336	0.0001954059218775535
1.338	0.0001949531745674007
1.34	0.00019450042725724793
1.342	0.00019402907144595977
1.344	0.00019355771563467166
1.346	0.00019308635982338352
1.348	0.00019261500401209536
1.35	0.00019214364820080725
1.352	0.00019165351649412122
1.354	0.00019116338478743518
1.356	0.00019067325308074916
1.358	0.0001901831213740631
1.36	0.00018969298966737711
1.362	0.00018918401495757306
1.364	0.000188675040247769
1.366	0.00018816606553796495
1.368	0.0001876570908281609
1.37	0.00018714811611835684
1.372	0.00018662038616037258
1.374	0.00018609265620238833
1.3760000000000001	0.00018556492624440405
1.3780000000000001	0.00018503719628641983
1.3800000000000001	0.00018450946632843557
1.3820000000000001	0.00018396325422725398
1.3840000000000001	0.00018341704212607236
1.3860000000000001	0.0001828708300248908
1.3880000000000001	0.00018232461792370917
1.3900000000000001	0.00018177840582252758
1.3920000000000001	0.0001812140431741339
1.3940000000000001	0.00018064968052574024
1.3960000000000001	0.0001800853178773466
1.3980000000000001	0.00017952095522895295
1.4000000000000001	0.00017895659258055927
1.4020000000000001	0.00017837443729680345
1.4040000000000001	0.00017779228201304767
1.4060000000000001	0.0001772101267292919
1.4080000000000001	0.00017662797144553608
1.4100000000000001	0.0001760458161617803
1.4120000000000001	0.0001754462529997557
1.4140000000000001	0.00017484668983773106
1.4160000000000001	0.00017424712667570642
1.4180000000000001	0.00017364756351368182
1.4200000000000002	0.0001730480003516572
1.4220000000000002	0.0001724314414838245
1.4240000000000002	0.0001718148826159918
1.4260000000000002	0.00017119832374815904
1.428	0.00017058176488032637
1.43	0.00016996520601249366
1.432	0.0001693320916092701
1.434	0.0001686989772060465
1.436	0.0001680658628028229
1.438	0.0001674327483995993
1.44	0.00016679963399637572
1.442	0.00016615043282407202
1.444	0.00016550123165176827
1.446	0.00016485203047946455
1.448	0.00016420282930716085
1.45	0.00016355362813485713
1.452	0.0001628888381763876
1.454	0.0001622240482179181
1.456	0.00016155925825944863
1.458	0.00016089446830097913
1.46	0.00016022967834250965
1.462	0.00015954982746010983
1.464	0.00015886997657771002
1.466	0.00015819012569531023
1.468	0.00015751027481291047
1.47	0.00015683042393051065
1.472	0.00015613607066890963
1.474	0.00015544171740730867
1.476	0.00015474736414570767
1.478	0.00015405301088410666
1.48	0.0001533586576225057
1.482	0.0001526503919639693
1.484	0.0001519421263054329
1.486	0.0001512338606468965
1.488	0.00015052559498836013
1.49	0.00014981732932982373
1.492	0.00014909577272461264
1.494	0.00014837421611940154
1.496	0.00014765265951419048
1.498	0.00014693110290897937
1.5	0.00014620954630376826
1.502	0.00014547535209492033
1.504	0.00014474115788607231
1.506	0.00014400696367722433
1.508	0.00014327276946837634
1.51	0.00014253857525952835
1.512	0.0001417924292826302
1.514	0.00014104628330573207
1.516	0.0001403001373288339
1.518	0.0001395539913519358
1.52	0.00013880784537503762
1.522	0.00013805046656555298
1.524	0.00013729308775606828
1.526	0.00013653570894658361
1.528	0.00013577833013709895
1.53	0.00013502095132761428
1.532	0.0001342530923357889
1.534	0.00013348523334396354
1.536	0.00013271737435213815
1.538	0.00013194951536031277
1.54	0.0001311816563684874
1.542	0.00013040410418216816
1.544	0.00012962655199584897
1.546	0.00012884899980952975
1.548	0.0001280714476232105
1.55	0.0001272938954368913
1.552	0.00012650747201266595
1.554	0.00012572104858844064
1.556	0.0001249346251642153
1.558	0.00012414820173998998
1.56	0.00012336177831576465
1.562	0.00012256734121886156
1.564	0.00012177290412195847
1.566	0.00012097846702505535
1.568	0.00012018402992815226
1.57	0.00011938959283124914
1.572	0.00011858803588474218
1.574	0.00011778647893823524
1.576	0.00011698492199172829
1.578	0.00011618336504522133
1.58	0.00011538180809871438
1.582	0.00011457406204265718
1.584	0.00011376631598659997
1.586	0.00011295856993054277
1.588	0.00011215082387448556
1.59	0.00011134307781842836
1.592	0.00011053011097969801
1.594	0.00010971714414096767
1.596	0.00010890417730223734
1.598	0.00010809121046350699
1.6	0.00010727824362477666
1.602	0.00010646106259835618
1.604	0.00010564388157193571
1.606	0.00010482670054551525
1.608	0.00010400951951909478
1.61	0.00010319233849267429
1.612	0.00010237198883585883
1.614	0.00010155163917904334
1.616	0.00010073128952222787
1.618	0.00009991093986541238
1.62	0.00009909059020859691
1.622	0.00009826815714926387
1.624	0.00009744572408993084
1.6260000000000001	0.0000966232910305978
1.6280000000000001	0.00009580085797126476
1.6300000000000001	0.00009497842491193173
1.6320000000000001	0.0000941550340725954
1.6340000000000001	0.00009333164323325907
1.6360000000000001	0.00009250825239392274
1.6380000000000001	0.0000916848615545864
1.6400000000000001	0.00009086147071525007
1.6420000000000001	0.0000900382888555751
1.6440000000000001	0.00008921510699590014
1.6460000000000001	0.00008839192513622517
1.6480000000000001	0.00008756874327655021
1.6500000000000001	0.00008674556141687524
1.6520000000000001	0.0000859237971975537
1.6540000000000001	0.00008510203297823214
1.6560000000000001	0.00008428026875891059
1.6580000000000001	0.00008345850453958906
1.6600000000000001	0.0000826367403202675
1.6620000000000001	0.00008181764509323453
1.6640000000000001	0.00008099854986620158
1.6660000000000001	0.00008017945463916862
1.6680000000000001	0.00007936035941213567
1.6700000000000002	0.0000785412641851027
1.6720000000000002	0.0000777261328163366
1.6740000000000002	0.00007691100144757053
1.6760000000000002	0.00007609587007880444
1.6780000000000002	0.00007528073871003834
1.6800000000000002	0.00007446560734127226
1.6820000000000002	0.0000736557790768723
1.6840000000000002	0.00007284595081247233
1.686	0.00007203612254807248
1.688	0.0000712262942836725
1.69	0.00007041646601927255
1.692	0.00006961332541272832
1.694	0.0000688101848061841
1.696	0.00006800704419963988
1.698	0.00006720390359309565
1.7	0.00006640076298655142
1.702	0.00006560574092088258
1.704	0.00006481071885521376
1.706	0.00006401569678954493
1.708	0.00006322067472387612
1.71	0.00006242565265820728
1.712	0.00006164022754153956
1.714	0.00006085480242487186
1.716	0.000060069377308204154
1.718	0.00005928395219153644
1.72	0.00005849852707486874
1.722	0.000057724226511748524
1.724	0.0000569499259486283
1.726	0.00005617562538550809
1.728	0.00005540132482238787
1.73	0.00005462702425926766
1.732	0.00005386542770181692
1.734	0.000053103831144366184
1.736	0.00005234223458691544
1.738	0.000051580638029464694
1.74	0.000050819041472013956
1.742	0.000050071780188437295
1.744	0.00004932451890486064
1.746	0.000048577257621283985
1.748	0.00004782999633770732
1.75	0.00004708273505413067
1.752	0.00004635148953431646
1.754	0.000045620244014502255
1.756	0.00004488899849468804
1.758	0.00004415775297487383
1.76	0.000043426507455059616
1.762	0.000042713006751555155
1.764	0.000041999506048050695
1.766	0.000041286005344546234
1.768	0.000040572504641041774
1.77	0.000039859003937537314
1.772	0.0000391650263022554
1.774	0.000038471048666973505
1.776	0.0000377770710316916
1.778	0.00003708309339640969
1.78	0.00003638911576112778
1.782	0.000035716489316038034
1.784	0.00003504386287094828
1.786	0.00003437123642585854
1.788	0.000033698609980768785
1.79	0.00003302598353567904
1.792	0.000032376586947300146
1.794	0.000031727190358921256
1.796	0.00003107779377054237
1.798	0.00003042839718216348
1.8	0.000029779000593784595
1.802	0.00002915476375147508
1.804	0.000028530526909165564
1.806	0.00002790629006685605
1.808	0.000027282053224546533
1.81	0.00002665781638223702
1.812	0.0000260607210802846
1.814	0.00002546362577833217
1.816	0.000024866530476379748
1.818	0.000024269435174427324
1.82	0.0000236723398724749
1.822	0.000023104420495980982
1.824	0.00002253650111948706
1.826	0.000021968581742993144
1.828	0.000021400662366499223
1.83	0.0000208327429900053
1.832	0.0000202960872045497
1.834	0.000019759431419094102
1.836	0.0000192227756336385
1.838	0.0000186861198481829
1.84	0.0000181494640627273
1.842	0.00001764621350772001
1.844	0.000017142962952712723
1.846	0.000016639712397705434
1.848	0.00001613646184269814
1.85	0.000015633211287690852
1.852	0.000015165562272155627
1.854	0.0000146979132566204
1.856	0.000014230264241085175
1.858	0.00001376261522554995
1.86	0.000013294966210014727
1.862	0.000012865176282611467
1.864	0.000012435386355208203
1.866	0.000012005596427804939
1.868	0.000011575806500401676
1.87	0.000011146016572998412
1.872	0.000010751621114034087
1.874	0.000010357225655069758
1.8760000000000001	9.962830196105431e-6
1.8780000000000001	9.568434737141103e-6
1.8800000000000001	9.17403927817678e-6
1.8820000000000001	8.812341747319205e-6
1.8840000000000001	8.450644216461632e-6
1.8860000000000001	8.088946685604057e-6
1.8880000000000001	7.727249154746484e-6
1.8900000000000001	7.36555162388891e-6
1.8920000000000001	7.038507243375864e-6
1.8940000000000001	6.711462862862818e-6
1.8960000000000001	6.384418482349771e-6
1.8980000000000001	6.057374101836725e-6
1.9000000000000001	5.730329721323682e-6
1.9020000000000001	5.439941216586053e-6
1.9040000000000001	5.1495527118484245e-6
1.9060000000000001	4.859164207110795e-6
1.9080000000000001	4.568775702373166e-6
1.9100000000000001	4.278387197635536e-6
1.9120000000000001	4.02670538851984e-6
1.9140000000000001	3.7750235794041435e-6
1.9160000000000001	3.5233417702884477e-6
1.9180000000000001	3.2716599611727514e-6
1.9200000000000002	3.019978152057059e-6
1.9220000000000002	2.8091025449211384e-6
1.9240000000000002	2.598226937785218e-6
1.9260000000000002	2.387351330649297e-6
1.9280000000000002	2.176475723513376e-6
1.9300000000000002	1.965600116377455e-6
1.9320000000000002	1.7976794995651703e-6
1.9340000000000002	1.6297588827528852e-6
1.9360000000000002	1.4618382659406006e-6
1.9380000000000002	1.2939176491283155e-6
1.94	1.1259970323160495e-6
1.942	1.0032300741089354e-6
1.944	8.804631159018217e-7
1.946	7.576961576947076e-7
1.948	6.349291994875938e-7
1.95	5.121622412804799e-7
1.952	7.461695849605917e-9
1.954	7.432315483669769e-9
1.956	7.402935117733622e-9
1.958	7.373554751797476e-9
1.96	7.344174385861328e-9
1.962	7.315092431294949e-9
1.964	7.286010476728571e-9
1.966	7.256928522162192e-9
1.968	7.227846567595813e-9
1.97	7.198764613029434e-9
1.972	7.169982907924541e-9
1.974	7.141201202819647e-9
1.976	7.112419497714754e-9
1.978	7.0836377926098595e-9
1.98	7.054856087504967e-9
1.982	7.026376397750758e-9
1.984	6.99789670799655e-9
1.986	6.969417018242343e-9
1.988	6.940937328488133e-9
1.99	6.912457638733925e-9
1.992	6.884281656520229e-9
1.994	6.856105674306533e-9
1.996	6.8279296920928365e-9
1.998	6.799753709879141e-9
2.	6.771577727665444e-9
2.002	6.743707076036557e-9
2.004	6.715836424407663e-9
2.006	6.6879657727787755e-9
2.008	6.660095121149882e-9
2.01	6.632224469520995e-9
2.012	6.604660694639192e-9
2.014	6.5770969197573944e-9
2.016	6.549533144875591e-9
2.018	6.5219693699937956e-9
2.02	6.4944055951119924e-9
2.0220000000000002	6.467150171128212e-9
2.024	6.439894747144437e-9
2.0260000000000002	6.412639323160656e-9
2.028	6.385383899176882e-9
2.0300000000000002	6.358128475193101e-9
2.032	6.331182802588076e-9
2.0340000000000003	6.3042371299830465e-9
2.036	6.2772914573780226e-9
2.0380000000000003	6.250345784772993e-9
2.04	6.223400112167968e-9
2.0420000000000003	6.196765517524009e-9
2.044	6.170130922880055e-9
2.0460000000000003	6.143496328236094e-9
2.048	6.1168617335921405e-9
2.0500000000000003	6.090227138948181e-9
2.052	6.06390487475817e-9
2.0540000000000003	6.037582610568152e-9
2.056	6.011260346378141e-9
2.0580000000000003	5.9849380821881234e-9
2.06	5.958615817998112e-9
2.0620000000000003	5.932607062147265e-9
2.064	5.906598306296425e-9
2.0660000000000003	5.880589550445577e-9
2.068	5.854580794594737e-9
2.07	5.8285720387438955e-9
2.072	5.802877894921887e-9
2.074	5.777183751099884e-9
2.076	5.7514896072778744e-9
2.078	5.725795463455871e-9
2.08	5.700101319633862e-9
2.082	5.67472281693466e-9
2.084	5.649344314235451e-9
2.086	5.623965811536248e-9
2.088	5.59858730883704e-9
2.09	5.573208806137837e-9
2.092	5.5481468980372096e-9
2.094	5.5230849899365875e-9
2.096	5.4980230818359605e-9
2.098	5.472961173735338e-9
2.1	5.44789926563471e-9
2.102	5.423154830739534e-9
2.104	5.398410395844353e-9
2.106	5.373665960949176e-9
2.108	5.348921526053994e-9
2.11	5.324177091158818e-9
2.112	5.299750932738456e-9
2.114	5.275324774318099e-9
2.116	5.2508986158977365e-9
2.118	5.22647245747738e-9
2.12	5.202046299057018e-9
2.122	5.177939144896676e-9
2.124	5.153831990736329e-9
2.126	5.129724836575987e-9
2.128	5.10561768241564e-9
2.13	5.081510528255298e-9
2.132	5.0577230305026655e-9
2.134	5.033935532750039e-9
2.136	5.010148034997408e-9
2.138	4.986360537244781e-9
2.14	4.962573039492149e-9
2.142	4.939105773808817e-9
2.144	4.91563850812548e-9
2.146	4.892171242442148e-9
2.148	4.86870397675881e-9
2.15	4.845236711075479e-9
2.152	4.822090179370644e-9
2.154	4.7989436476658145e-9
2.156	4.775797115960979e-9
2.158	4.75265058425615e-9
2.16	4.729504052551315e-9
2.162	4.706678678582485e-9
2.164	4.683853304613649e-9
2.166	4.661027930644819e-9
2.168	4.638202556675984e-9
2.17	4.615377182707153e-9
2.172	4.592873314873019e-9
2.174	4.570369447038889e-9
2.176	4.5478655792047544e-9
2.178	4.525361711370625e-9
2.18	4.50285784353649e-9
2.182	4.480675754103653e-9
2.184	4.4584936646708095e-9
2.186	4.436311575237971e-9
2.188	4.414129485805129e-9
2.19	4.3919473963722906e-9
2.192	4.3700872811606416e-9
2.194	4.348227165948997e-9
2.196	4.326367050737347e-9
2.198	4.304506935525703e-9
2.2	4.282646820314053e-9
2.202	4.2611087990784985e-9
2.204	4.239570777842938e-9
2.206	4.218032756607384e-9
2.208	4.1964947353718234e-9
2.21	4.174956714136268e-9
2.212	4.153740830213811e-9
2.214	4.1325249462913585e-9
2.216	4.111309062368901e-9
2.218	4.090093178446448e-9
2.22	4.068877294523991e-9
2.222	4.047983514805064e-9
2.224	4.027089735086131e-9
2.226	4.006195955367203e-9
2.228	3.9853021756482695e-9
2.23	3.964408395929342e-9
2.232	3.94383661118867e-9
2.234	3.9232648264480014e-9
2.236	3.902693041707328e-9
2.238	3.88212125696666e-9
2.24	3.861549472225988e-9
2.242	3.8412994966076055e-9
2.244	3.82104952098922e-9
2.246	3.800799545370839e-9
2.248	3.780549569752452e-9
2.25	3.760299594134071e-9
2.2520000000000002	3.740371165777866e-9
2.254	3.7204427374216675e-9
2.2560000000000002	3.7005143090654634e-9
2.258	3.6805858807092642e-9
2.2600000000000002	3.66065745235306e-9
2.262	3.6410502322804087e-9
2.2640000000000002	3.621443012207753e-9
2.266	3.601835792135102e-9
2.2680000000000002	3.5822285720624462e-9
2.27	3.562621351989795e-9
2.2720000000000002	3.543334925657273e-9
2.274	3.5240484993247555e-9
2.2760000000000002	3.5047620729922338e-9
2.278	3.485475646659716e-9
2.2800000000000002	3.4661892203271944e-9
2.282	3.4472230971661878e-9
2.2840000000000003	3.428256974005177e-9
2.286	3.409290850844171e-9
2.2880000000000003	3.3903247276831603e-9
2.29	3.371358604522154e-9
2.2920000000000003	3.3527122171709783e-9
2.294	3.3340658298198062e-9
2.2960000000000003	3.3154194424686305e-9
2.298	3.2967730551174585e-9
2.3000000000000003	3.2781266677662827e-9
2.302	3.2597993731111927e-9
2.3040000000000003	3.241472078456099e-9
2.306	3.223144783801009e-9
2.3080000000000003	3.2048174891459152e-9
2.31	3.1864901944908256e-9
2.3120000000000003	3.1684812736120557e-9
2.314	3.1504723527332902e-9
2.3160000000000003	3.1324634318545207e-9
2.318	3.114454510975755e-9
2.3200000000000003	3.0964455900969853e-9
2.322	3.078754248213532e-9
2.3240000000000003	3.0610629063300748e-9
2.326	3.0433715644466206e-9
2.328	3.025680222563167e-9
2.33	3.00798888067971e-9
2.332	2.9906142472957944e-9
2.334	2.973239613911874e-9
2.336	2.955864980527958e-9
2.338	2.9384903471440377e-9
2.34	2.921115713760122e-9
2.342	2.904056842914024e-9
2.344	2.8869979720679308e-9
2.346	2.8699391012218333e-9
2.348	2.85288023037574e-9
2.35	2.835821359529642e-9
2.352	2.8190772299414873e-9
2.354	2.802333100353329e-9
2.356	2.785588970765174e-9
2.358	2.768844841177016e-9
2.36	2.752100711588861e-9
2.362	2.7356702267345357e-9
2.364	2.7192397418802137e-9
2.366	2.7028092570258883e-9
2.368	2.6863787721715663e-9
2.37	2.6699482873172406e-9
2.372	2.6538302761308694e-9
2.374	2.637712264944495e-9
2.376	2.621594253758124e-9
2.378	2.605476242571749e-9
2.38	2.5893582313853782e-9
2.382	2.5735514477277672e-9
2.384	2.5577446640701604e-9
2.386	2.5419378804125494e-9
2.388	2.5261310967549425e-9
2.39	2.5103243130973315e-9
2.392	2.4948274365605242e-9
2.394	2.479330560023714e-9
2.396	2.4638336834869067e-9
2.398	2.4483368069500956e-9
2.4	2.4328399304132883e-9
2.402	2.4176515663856364e-9
2.404	2.4024632023579873e-9
2.406	2.387274838330335e-9
2.408	2.3720864743026863e-9
2.41	2.3568981102750343e-9
2.412	2.3420167903957423e-9
2.414	2.327135470516447e-9
2.416	2.312254150637155e-9
2.418	2.29737283075786e-9
2.42	2.282491510878568e-9
2.422	2.26791569296426e-9
2.424	2.2533398750499542e-9
2.426	2.238764057135646e-9
2.428	2.224188239221341e-9
2.43	2.209612421307033e-9
2.432	2.1953404899196893e-9
2.434	2.181068558532343e-9
2.436	2.1667966271449994e-9
2.438	2.152524695757653e-9
2.44	2.13825276437031e-9
2.442	2.1242830313965738e-9
2.444	2.1103132984228405e-9
2.446	2.0963435654491044e-9
2.448	2.0823738324753715e-9
2.45	2.0684040995016353e-9
2.452	2.0547348041176826e-9
2.454	2.0410655087337266e-9
2.456	2.0273962133497735e-9
2.458	2.013726917965818e-9
2.46	2.0000576225818647e-9
2.462	1.98668693196982e-9
2.464	1.973316241357778e-9
2.466	1.959945550745733e-9
2.468	1.946574860133691e-9
2.47	1.933204169521646e-9
2.472	1.920130178917667e-9
2.474	1.9070561883136844e-9
2.476	1.893982197709705e-9
2.478	1.8809082071057227e-9
2.48	1.8678342165017435e-9
2.482	1.8550549498715918e-9
2.484	1.8422756832414433e-9
2.486	1.8294964166112916e-9
2.488	1.8167171499811428e-9
2.49	1.8039378833509913e-9
2.492	1.7914512937735002e-9
2.494	1.7789647041960063e-9
2.496	1.7664781146185151e-9
2.498	1.753991525041021e-9
2.5	1.74150493546353e-9
2.5020000000000002	1.7293089055998342e-9
2.504	1.7171128757361413e-9
2.5060000000000002	1.7049168458724456e-9
2.508	1.6927208160087527e-9
2.5100000000000002	1.680524786145057e-9
2.512	1.668617128756196e-9
2.5140000000000002	1.6567094713673325e-9
2.516	1.644801813978472e-9
2.5180000000000002	1.6328941565896084e-9
2.52	1.6209864992007474e-9
2.5220000000000002	1.6093649575571354e-9
2.524	1.597743415913526e-9
2.5260000000000002	1.5861218742699137e-9
2.528	1.5745003326263044e-9
2.5300000000000002	1.5628787909826923e-9
2.532	1.5515410395609913e-9
2.5340000000000003	1.540203288139288e-9
2.536	1.5288655367175872e-9
2.5380000000000003	1.5175277852958837e-9
2.54	1.5061900338741828e-9
2.5420000000000003	1.4951336788114358e-9
2.544	1.4840773237486913e-9
2.5460000000000003	1.4730209686859445e-9
2.548	1.4619646136232e-9
2.5500000000000003	1.450908258560453e-9
2.552	1.4401308382668464e-9
2.5540000000000003	1.4293534179732373e-9
2.556	1.4185759976796304e-9
2.5580000000000003	1.4077985773860213e-9
2.56	1.3970211570924146e-9
2.5620000000000003	1.3865201428615913e-9
2.564	1.3760191286307704e-9
2.5660000000000003	1.3655181143999473e-9
2.568	1.3550171001691264e-9
2.5700000000000003	1.344516085938303e-9
2.572	1.3342888825611056e-9
2.5740000000000003	1.3240616791839054e-9
2.576	1.3138344758067077e-9
2.5780000000000003	1.3036072724295077e-9
2.58	1.29338006905231e-9
2.582	1.2834240155585457e-9
2.584	1.273467962064779e-9
2.586	1.2635119085710146e-9
2.588	1.253555855077248e-9
2.59	1.2435998015834835e-9
2.592	1.233912171826242e-9
2.594	1.2242245420690026e-9
2.596	1.2145369123117607e-9
2.598	1.2048492825545214e-9
2.6	1.1951616527972797e-9
2.602	1.1857396562128384e-9
2.604	1.1763176596283947e-9
2.606	1.1668956630439532e-9
2.608	1.1574736664595096e-9
2.61	1.1480516698750682e-9
2.612	1.1388924522312806e-9
2.614	1.129733234587495e-9
2.616	1.1205740169437075e-9
2.618	1.1114147992999222e-9
2.62	1.1022555816561345e-9
2.622	1.093356225815515e-9
2.624	1.0844568699748935e-9
2.626	1.075557514134274e-9
2.628	1.0666581582936523e-9
2.63	1.0577588024530328e-9
2.632	1.0491163291716485e-9
2.634	1.0404738558902663e-9
2.636	1.0318313826088822e-9
2.638	1.0231889093275003e-9
2.64	1.0145464360461162e-9
2.642	1.0061578048020017e-9
2.644	9.977691735578852e-10
2.646	9.893805423137707e-10
2.648	9.809919110696543e-10
2.65	9.726032798255398e-10
2.652	9.644653896772641e-10
2.654	9.563274995289905e-10
2.656	9.481896093807148e-10
2.658	9.400517192324412e-10
2.66	9.319138290841655e-10
2.662	9.240235195495296e-10
2.664	9.161332100148917e-10
2.666	9.082429004802556e-10
2.668	9.003525909456177e-10
2.67	8.924622814109817e-10
2.672	8.848163334337335e-10
2.674	8.771703854564871e-10
2.676	8.695244374792389e-10
2.678	8.618784895019924e-10
2.68	8.542325415247443e-10
2.682	8.468276781385186e-10
2.684	8.394228147522914e-10
2.686	8.320179513660657e-10
2.688	8.246130879798383e-10
2.69	8.172082245936126e-10
2.692	8.10041112869357e-10
2.694	8.028740011451029e-10
2.696	7.957068894208474e-10
2.698	7.885397776965934e-10
2.7	7.813726659723376e-10
2.702	7.744399165832771e-10
2.704	7.675071671942152e-10
2.706	7.605744178051549e-10
2.708	7.536416684160928e-10
2.71	7.467089190270324e-10
2.712	7.400070883542018e-10
2.714	7.333052576813726e-10
2.716	7.266034270085419e-10
2.718	7.199015963357127e-10
2.72	7.13199765662882e-10
2.722	7.06725359407143e-10
2.724	7.002509531514027e-10
2.726	6.937765468956637e-10
2.728	6.873021406399233e-10
2.73	6.808277343841843e-10
2.732	6.74577194485381e-10
2.734	6.683266545865792e-10
2.736	6.620761146877758e-10
2.738	6.55825574788974e-10
2.74	6.495750348901706e-10
2.742	6.435447692557357e-10
2.744	6.375145036212996e-10
2.746	6.314842379868646e-10
2.748	6.254539723524285e-10
2.75	6.194237067179936e-10
2.7520000000000002	6.136100617689913e-10
2.754	6.077964168199903e-10
2.7560000000000002	6.019827718709881e-10
2.758	5.961691269219871e-10
2.7600000000000002	5.903554819729847e-10
2.762	5.847547582763592e-10
2.7640000000000002	5.791540345797324e-10
2.766	5.735533108831068e-10
2.7680000000000002	5.679525871864799e-10
2.77	5.623518634898544e-10
2.7720000000000002	5.569603141616512e-10
2.774	5.515687648334491e-10
2.7760000000000002	5.461772155052459e-10
2.778	5.407856661770439e-10
2.7800000000000002	5.353941168488407e-10
2.782	5.3020794888037e-10
2.7840000000000003	5.250217809118983e-10
2.786	5.198356129434276e-10
2.7880000000000003	5.146494449749559e-10
2.79	5.094632770064852e-10
2.7920000000000003	5.044786526667273e-10
2.794	4.994940283269705e-10
2.7960000000000003	4.945094039872126e-10
2.798	4.895247796474558e-10
2.8000000000000003	4.845401553076979e-10
2.802	4.797531935549655e-10
2.8040000000000003	4.74966231802232e-10
2.806	4.701792700494995e-10
2.8080000000000003	4.6539230829676603e-10
2.81	4.6060534654403365e-10
2.8120000000000003	4.560121244795646e-10
2.814	4.514189024150966e-10
2.8160000000000003	4.468256803506275e-10
2.818	4.422324582861595e-10
2.8200000000000003	4.3763923622169045e-10
2.822	4.332357906394727e-10
2.8240000000000003	4.28832345057254e-10
2.826	4.2442889947503625e-10
2.8280000000000003	4.2002545389281747e-10
2.83	4.1562200831059973e-10
2.8320000000000003	4.114043372633344e-10
2.834	4.0718666621607006e-10
2.836	4.0296899516880567e-10
2.838	3.9875132412154034e-10
2.84	3.94533653074276e-10
2.842	3.9049771750164827e-10
2.844	3.864617819290216e-10
2.846	3.824258463563939e-10
2.848	3.7838991078376716e-10
2.85	3.743539752111395e-10
2.852	3.704957006194743e-10
2.854	3.6663742602780825e-10
2.856	3.6277915143614307e-10
2.858	3.5892087684447696e-10
2.86	3.5506260225281183e-10
2.862	3.513778804698369e-10
2.864	3.4769315868686285e-10
2.866	3.44008436903888e-10
2.868	3.40323715120914e-10
2.87	3.366389933379391e-10
2.872	3.3312368430272796e-10
2.874	3.29608375267516e-10
2.876	3.260930662323049e-10
2.878	3.225777571970929e-10
2.88	3.190624481618818e-10
2.882	3.157123817928044e-10
2.884	3.1236231542372773e-10
2.886	3.090122490546504e-10
2.888	3.056621826855738e-10
2.89	3.0231211631649644e-10
2.892	2.9912309444841734e-10
2.894	2.959340725803375e-10
2.896	2.9274505071225847e-10
2.898	2.8955602884417865e-10
2.9	2.8636700697609955e-10
2.902	2.8333480534626834e-10
2.904	2.8030260371643787e-10
2.906	2.772704020866067e-10
2.908	2.742382004567762e-10
2.91	2.7120599882694504e-10
2.912	2.683263691604457e-10
2.914	2.654467394939458e-10
2.916	2.6256710982744646e-10
2.918	2.596874801609465e-10
2.92	2.568078504944472e-10
2.922	2.540765226471995e-10
2.924	2.5134519479995243e-10
2.926	2.4861386695270473e-10
2.928	2.4588253910545765e-10
2.93	2.4315121125820995e-10
2.932	2.4056389544431544e-10
2.934	2.3797657963042036e-10
2.936	2.353892638165259e-10
2.938	2.3280194800263082e-10
2.94	2.302146321887363e-10
2.942	2.277670212919881e-10
2.944	2.253194103952405e-10
2.946	2.2287179949849234e-10
2.948	2.2042418860174473e-10
2.95	2.1797657770499656e-10
2.952	2.1566434967738203e-10
2.954	2.1335212164976696e-10
2.956	2.110398936221524e-10
2.958	2.0872766559453733e-10
2.96	2.064154375669228e-10
2.962	2.042342579216467e-10
2.964	2.0205307827637112e-10
2.966	1.9987189863109505e-10
2.968	1.9769071898581946e-10
2.97	1.9550953934054336e-10
2.972	1.934550637449275e-10
2.974	1.9140058814931118e-10
2.976	1.8934611255369532e-10
2.978	1.87291636958079e-10
2.98	1.8523716136246313e-10
2.982	1.83305038332996e-10
2.984	1.8137291530352932e-10
2.986	1.794407922740622e-10
2.988	1.775086692445955e-10
2.99	1.7557654621512836e-10
2.992	1.7376241992743075e-10
2.994	1.7194829363973278e-10
2.996	1.7013416735203514e-10
2.998	1.6832004106433716e-10
3.	1.6650591477663955e-10
3.0020000000000002	1.6480542799333643e-10
3.004	1.6310494121003368e-10
3.0060000000000002	1.6140445442673057e-10
3.008	1.5970396764342781e-10
3.0100000000000002	1.580034808601247e-10
3.012	1.5641227798681708e-10
3.0140000000000002	1.5482107511350916e-10
3.016	1.5322987224020157e-10
3.0180000000000002	1.5163866936689364e-10
3.02	1.5004746649358602e-10
3.0220000000000002	1.485611967720202e-10
3.024	1.4707492705045468e-10
3.0260000000000002	1.455886573288888e-10
3.028	1.4410238760732328e-10
3.0300000000000002	1.4261611788575743e-10
3.032	1.412304387347698e-10
3.0340000000000003	1.3984475958378186e-10
3.036	1.3845908043279423e-10
3.0380000000000003	1.3707340128180629e-10
3.04	1.3568772213081863e-10
3.0420000000000003	1.3439830264700983e-10
3.044	1.3310888316320134e-10
3.0460000000000003	1.3181946367939257e-10
3.048	1.3053004419558408e-10
3.0500000000000003	1.292406247117753e-10
3.052	1.2804314934349666e-10
3.0540000000000003	1.2684567397521772e-10
3.056	1.2564819860693905e-10
3.0580000000000003	1.2445072323866012e-10
3.06	1.2325324787038147e-10
3.0620000000000003	1.2214342028056533e-10
3.064	1.2103359269074945e-10
3.0660000000000003	1.199237651009333e-10
3.068	1.188139375111174e-10
3.0700000000000003	1.1770410992130129e-10
3.072	1.1667765705700137e-10
3.0740000000000003	1.1565120419270123e-10
3.076	1.1462475132840132e-10
3.0780000000000003	1.1359829846410119e-10
3.08	1.1257184559980127e-10
3.0820000000000003	1.1162452198912482e-10
3.084	1.1067719837844858e-10
3.0860000000000003	1.0972987476777212e-10
3.088	1.0878255115709587e-10
3.0900000000000003	1.0783522754641942e-10
3.092	1.0696281984700506e-10
3.094	1.0609041214759071e-10
3.096	1.0521800444817615e-10
3.098	1.043455967487618e-10
3.1	1.0347318904934723e-10
3.102	1.0267152087678922e-10
3.104	1.0186985270423103e-10
3.106	1.0106818453167303e-10
3.108	1.0026651635911484e-10
3.11	9.946484818655683e-11
3.112	9.872978525652338e-11
3.114	9.799472232649013e-11
3.116	9.72596593964567e-11
3.118	9.652459646642344e-11
3.12	9.578953353639001e-11
3.122	9.511698916091888e-11
3.124	9.444444478544761e-11
3.126	9.37719004099765e-11
3.128	9.309935603450522e-11
3.13	9.242681165903409e-11
3.132	9.181275264614296e-11
3.134	9.119869363325196e-11
3.136	9.058463462036085e-11
3.138	8.997057560746986e-11
3.14	8.935651659457874e-11
3.142	8.879696961130075e-11
3.144	8.823742262802265e-11
3.146	8.767787564474466e-11
3.148	8.711832866146654e-11
3.15	8.655878167818855e-11
3.152	8.604984015339118e-11
3.154	8.554089862859392e-11
3.156	8.503195710379655e-11
3.158	8.45230155789993e-11
3.16	8.401407405420194e-11
3.162	8.35519057182129e-11
3.164	8.308973738222374e-11
3.166	8.262756904623471e-11
3.168	8.216540071024555e-11
3.17	8.170323237425652e-11
3.172	8.128408755467493e-11
3.174	8.086494273509344e-11
3.176	8.044579791551188e-11
3.178	8.00266530959304e-11
3.18	7.960750827634883e-11
3.182	7.92277291039982e-11
3.184	7.884794993164747e-11
3.186	7.846817075929681e-11
3.188	7.80883915869461e-11
3.19	7.770861241459546e-11
3.192	7.736464321601402e-11
3.194	7.702067401743267e-11
3.196	7.667670481885125e-11
3.198	7.63327356202699e-11
3.2	7.598876642168848e-11
3.202	7.567716553119125e-11
3.204	7.536556464069395e-11
3.206	7.505396375019672e-11
3.208	7.474236285969941e-11
3.21	7.443076196920219e-11
3.212	7.414821548988715e-11
3.214	7.386566901057221e-11
3.216	7.358312253125719e-11
3.218	7.330057605194223e-11
3.22	7.301802957262722e-11
3.222	7.276136777917531e-11
3.224	7.250470598572335e-11
3.226	7.224804419227147e-11
3.228	7.19913823988195e-11
3.23	7.17347206053676e-11
3.232	7.150093818845128e-11
3.234	7.126715577153503e-11
3.236	7.103337335461873e-11
3.238	7.079959093770248e-11
3.24	7.056580852078616e-11
3.242	7.035209087635262e-11
3.244	7.013837323191903e-11
3.246	6.99246555874855e-11
3.248	6.971093794305192e-11
3.25	6.949722029861837e-11
3.2520000000000002	6.930098057482643e-11
3.254	6.91047408510345e-11
3.2560000000000002	6.890850112724256e-11
3.258	6.871226140345064e-11
3.2600000000000002	6.851602167965869e-11
3.262	6.833496224401491e-11
3.2640000000000002	6.815390280837109e-11
3.266	6.797284337272733e-11
3.2680000000000002	6.779178393708351e-11
3.27	6.761072450143973e-11
3.2720000000000002	6.744299140150364e-11
3.274	6.727525830156756e-11
3.2760000000000002	6.710752520163147e-11
3.278	6.693979210169541e-11
3.2800000000000002	6.677205900175931e-11
3.282	6.661631472348598e-11
3.2840000000000003	6.646057044521262e-11
3.286	6.630482616693928e-11
3.2880000000000003	6.614908188866591e-11
3.29	6.599333761039258e-11
3.2920000000000003	6.584837859185099e-11
3.294	6.570341957330941e-11
3.2960000000000003	6.555846055476781e-11
3.298	6.541350153622625e-11
3.3000000000000003	6.526854251768465e-11
3.302	6.513319357712509e-11
3.3040000000000003	6.49978446365655e-11
3.306	6.486249569600593e-11
3.3080000000000003	6.472714675544635e-11
3.31	6.459179781488679e-11
3.3120000000000003	6.446491539828751e-11
3.314	6.433803298168825e-11
3.3160000000000003	6.421115056508896e-11
3.318	6.408426814848971e-11
3.3200000000000003	6.395738573189041e-11
3.322	6.383786206952695e-11
3.3240000000000003	6.371833840716345e-11
3.326	6.359881474479998e-11
3.3280000000000003	6.347929108243649e-11
3.33	6.335976742007301e-11
3.3320000000000003	6.3246535249151e-11
3.334	6.313330307822901e-11
3.3360000000000003	6.302007090730701e-11
3.338	6.290683873638502e-11
3.3400000000000003	6.2793606565463e-11
3.342	6.268564457496533e-11
3.3440000000000003	6.257768258446763e-11
3.346	6.246972059396996e-11
3.3480000000000003	6.236175860347226e-11
3.35	6.22537966129746e-11
3.352	6.215013583950681e-11
3.354	6.204647506603901e-11
3.356	6.19428142925712e-11
3.358	6.18391535191034e-11
3.36	6.17354927456356e-11
3.362	6.163522427259449e-11
3.364	6.15349557995534e-11
3.366	6.143468732651229e-11
3.368	6.13344188534712e-11
3.37	6.123415038043009e-11
3.372	6.113643492876786e-11
3.374	6.10387194771056e-11
3.376	6.094100402544336e-11
3.378	6.08432885737811e-11
3.38	6.074557312211885e-11
3.382	6.064965358459893e-11
3.384	6.055373404707903e-11
3.386	6.045781450955911e-11
3.388	6.036189497203922e-11
3.39	6.026597543451929e-11
3.392	6.017119461933399e-11
3.394	6.007641380414865e-11
3.396	5.998163298896334e-11
3.398	5.988685217377802e-11
3.4	5.979207135859272e-11
3.402	5.969790129136648e-11
3.404	5.960373122414027e-11
3.406	5.950956115691404e-11
3.408	5.941539108968783e-11
3.41	5.93212210224616e-11
3.412	5.922733429864651e-11
3.414	5.913344757483142e-11
3.416	5.903956085101634e-11
3.418	5.894567412720125e-11
3.42	5.885178740338615e-11
3.422	5.875810755462174e-11
3.424	5.866442770585736e-11
3.426	5.857074785709295e-11
3.428	5.847706800832856e-11
3.43	5.838338815956415e-11
3.432	5.828991568206154e-11
3.434	5.8196443204558914e-11
3.436	5.8102970727056306e-11
3.438	5.800949824955368e-11
3.44	5.791602577205107e-11
3.442	5.782276254497162e-11
3.444	5.77294993178922e-11
3.446	5.763623609081274e-11
3.448	5.754297286373331e-11
3.45	5.744970963665386e-11
3.452	5.735665749693204e-11
3.454	5.7263605357210204e-11
3.456	5.717055321748839e-11
3.458	5.707750107776655e-11
3.46	5.698444893804473e-11
3.462	5.689160968033312e-11
3.464	5.679877042262153e-11
3.466	5.670593116490992e-11
3.468	5.661309190719832e-11
3.47	5.652025264948671e-11
3.472	5.642762802612105e-11
3.474	5.633500340275537e-11
3.476	5.624237877938972e-11
3.478	5.6149754156024036e-11
3.48	5.605712953265838e-11
3.482	5.5964721253643074e-11
3.484	5.587231297462778e-11
3.486	5.577990469561247e-11
3.488	5.568749641659718e-11
3.49	5.559508813758187e-11
3.492	5.5502897874057566e-11
3.494	5.541070761053322e-11
3.496	5.5318517347008916e-11
3.498	5.522632708348457e-11
3.5	5.513413681996027e-11
3.5020000000000002	5.5042166190326576e-11
3.504	5.495019556069291e-11
3.5060000000000002	5.485822493105922e-11
3.508	5.4766254301425557e-11
3.5100000000000002	5.4674283671791866e-11
3.512	5.458253426271534e-11
3.5140000000000002	5.4490784853638783e-11
3.516	5.4399035444562255e-11
3.5180000000000002	5.43072860354857e-11
3.52	5.421553662640917e-11
3.5220000000000002	5.412400997886189e-11
3.524	5.403248333131463e-11
3.5260000000000002	5.394095668376734e-11
3.528	5.3849430036220075e-11
3.5300000000000002	5.375790338867279e-11
3.532	5.366660100155736e-11
3.5340000000000003	5.357529861444189e-11
3.536	5.348399622732645e-11
3.5380000000000003	5.339269384021099e-11
3.54	5.330139145309555e-11
3.5420000000000003	5.3210314783368756e-11
3.544	5.311923811364198e-11
3.5460000000000003	5.302816144391518e-11
3.548	5.293708477418841e-11
3.5500000000000003	5.2846008104461615e-11
3.552	5.275515856728445e-11
3.5540000000000003	5.2664309030107256e-11
3.556	5.2573459492930083e-11
3.5580000000000003	5.248260995575289e-11
3.56	5.2391760418575725e-11
3.5620000000000003	5.2301139387489334e-11
3.564	5.221051835640297e-11
3.5660000000000003	5.211989732531657e-11
3.568	5.202927629423021e-11
3.5700000000000003	5.193865526314382e-11
3.572	5.1848264070273155e-11
3.5740000000000003	5.1757872877402473e-11
3.576	5.166748168453182e-11
3.5780000000000003	5.1577090491661136e-11
3.58	5.1486699298790474e-11
3.5820000000000003	5.13965392350758e-11
3.584	5.130637917136115e-11
3.5860000000000003	5.1216219107646493e-11
3.588	5.112605904393184e-11
3.5900000000000003	5.103589898021717e-11
3.592	5.0945971295674886e-11
3.5940000000000003	5.0856043611132594e-11
3.596	5.076611592659031e-11
3.5980000000000003	5.067618824204801e-11
3.6	5.058626055750573e-11
3.6020000000000003	5.049656646151895e-11
3.604	5.040687236553218e-11
3.606	5.031717826954542e-11
3.608	5.022748417355863e-11
3.61	5.013779007757187e-11
3.612	5.0048330739211864e-11
3.614	4.995887140085189e-11
3.616	4.986941206249189e-11
3.618	4.9779952724131906e-11
3.62	4.969049338577191e-11
3.622	4.9601269934151685e-11
3.624	4.951204648253145e-11
3.626	4.942282303091123e-11
3.628	4.933359957929099e-11
3.63	4.9244376127670774e-11
3.632	4.915538965233102e-11
3.634	4.9066403176991296e-11
3.636	4.897741670165155e-11
3.638	4.8888430226311824e-11
3.64	4.879944375097208e-11
3.642	4.871069530230134e-11
3.644	4.8621946853630586e-11
3.646	4.853319840495985e-11
3.648	4.8444449956289094e-11
3.65	4.8355701507618364e-11
3.652	4.826719209730798e-11
3.654	4.8178682686997626e-11
3.656	4.809017327668726e-11
3.658	4.8001663866376895e-11
3.66	4.791315445606652e-11
3.662	4.782488505760148e-11
3.664	4.773661565913643e-11
3.666	4.7648346260671404e-11
3.668	4.756007686220634e-11
3.67	4.747180746374132e-11
3.672	4.738377901292832e-11
3.674	4.729575056211535e-11
3.676	4.720772211130236e-11
3.678	4.7119693660489384e-11
3.68	4.7031665209676394e-11
3.682	4.6943878605210086e-11
3.684	4.685609200074375e-11
3.686	4.6768305396277436e-11
3.688	4.66805187918111e-11
3.69	4.6592732187344794e-11
3.692	4.6505188291413414e-11
3.694	4.641764439548205e-11
3.696	4.633010049955067e-11
3.698	4.624255660361932e-11
3.7	4.615501270768794e-11
3.702	4.606771234661977e-11
3.704	4.5980411985551595e-11
3.706	4.589311162448343e-11
3.708	4.5805811263415246e-11
3.71	4.571851090234709e-11
3.712	4.563145486680574e-11
3.714	4.5544398831264414e-11
3.716	4.545734279572307e-11
3.718	4.5370286760181747e-11
3.72	4.5283230724640403e-11
3.722	4.519641977189806e-11
3.724	4.5109608819155707e-11
3.726	4.5022797866413365e-11
3.728	4.4935986913671003e-11
3.73	4.484917596092867e-11
3.732	4.476261081442391e-11
3.734	4.4676045667919166e-11
3.736	4.458948052141441e-11
3.738	4.450291537490967e-11
3.74	4.441635022840491e-11
3.742	4.4330031575231106e-11
3.744	4.4243712922057277e-11
3.746	4.415739426888347e-11
3.748	4.407107561570965e-11
3.75	4.398475696253584e-11
3.7520000000000002	4.3898685463501456e-11
3.754	4.381261396446708e-11
3.7560000000000002	4.372654246543268e-11
3.758	4.3640470966398306e-11
3.7600000000000002	4.3554399467363916e-11
3.762	4.3468575752714516e-11
3.7640000000000002	4.338275203806509e-11
3.766	4.3296928323415695e-11
3.7680000000000002	4.321110460876627e-11
3.77	4.312528089411687e-11
3.7720000000000002	4.303970555796837e-11
3.774	4.295413022181988e-11
3.7760000000000002	4.286855488567137e-11
3.778	4.278297954952288e-11
3.7800000000000002	4.269740421337438e-11
3.782	4.2612077823753376e-11
3.7840000000000003	4.252675143413235e-11
3.786	4.244142504451134e-11
3.7880000000000003	4.235609865489031e-11
3.79	4.2270772265269306e-11
3.7920000000000003	4.2185695362209053e-11
3.794	4.210061845914882e-11
3.7960000000000003	4.201554155608857e-11
3.798	4.1930464653028333e-11
3.8000000000000003	4.1845387749968074e-11
3.802	4.1760560846637393e-11
3.8040000000000003	4.1675733943306687e-11
3.806	4.1590907039976006e-11
3.8080000000000003	4.15060801366453e-11
3.81	4.142125323331462e-11
3.8120000000000003	4.133667681720326e-11
3.814	4.125210040109193e-11
3.8160000000000003	4.1167523984980575e-11
3.818	4.108294756886924e-11
3.8200000000000003	4.0998371152757884e-11
3.822	4.0914045686704607e-11
3.8240000000000003	4.082972022065131e-11
3.826	4.074539475459804e-11
3.8280000000000003	4.066106928854474e-11
3.83	4.0576743822491465e-11
3.8320000000000003	4.049266974664647e-11
3.834	4.0408595670801493e-11
3.8360000000000003	4.03245215949565e-11
3.838	4.024044751911153e-11
3.8400000000000003	4.0156373443266535e-11
3.842	4.007255117601863e-11
3.8440000000000003	3.99887289087707e-11
3.846	3.990490664152279e-11
3.8480000000000003	3.982108437427486e-11
3.85	3.9737262107026954e-11
3.8520000000000003	3.965369204596454e-11
3.854	3.957012198490214e-11
3.8560000000000003	3.948655192383972e-11
3.858	3.9402981862777325e-11
3.86	3.9319411801714935e-11
3.862	3.923609432583038e-11
3.864	3.915277684994584e-11
3.866	3.906945937406129e-11
3.868	3.898614189817675e-11
3.87	3.890282442229219e-11
3.872	3.881975989330735e-11
3.874	3.8736695364322484e-11
3.876	3.865363083533764e-11
3.878	3.857056630635277e-11
3.88	3.848750177736793e-11
3.882	3.8404690541369624e-11
3.884	3.8321879305371335e-11
3.886	3.823906806937303e-11
3.888	3.8156256833374745e-11
3.89	3.807344559737644e-11
3.892	3.799088798652465e-11
3.894	3.7908330375672845e-11
3.896	3.782577276482106e-11
3.898	3.774321515396925e-11
3.9	3.766065754311746e-11
3.902	3.757835387742788e-11
3.904	3.749605021173831e-11
3.906	3.7413746546048716e-11
3.908	3.733144288035915e-11
3.91	3.724913921466956e-11
3.912	3.716708980387356e-11
3.914	3.7085040393077537e-11
3.916	3.7002990982281535e-11
3.918	3.692094157148552e-11
3.92	3.6838892160689514e-11
3.922	3.675709730617323e-11
3.924	3.6675302451656956e-11
3.926	3.659350759714066e-11
3.928	3.6511712742624386e-11
3.93	3.6429917888108094e-11
3.932	3.634837788493362e-11
3.934	3.626683788175914e-11
3.936	3.618529787858466e-11
3.938	3.6103757875410174e-11
3.94	3.60222178722357e-11
3.942	3.594093301124639e-11
3.944	3.5859648150257096e-11
3.946	3.577836328926778e-11
3.948	3.5697078428278485e-11
3.95	3.561579356728917e-11
3.952	3.553476413730237e-11
3.954	3.545373470731555e-11
3.956	3.537270527732875e-11
3.958	3.529167584734194e-11
3.96	3.521064641735513e-11
3.962	3.512987270744412e-11
3.964	3.5049098997533135e-11
3.966	3.4968325287622123e-11
3.968	3.488755157771114e-11
3.97	3.480677786780013e-11
3.972	3.4726260169669e-11
3.974	3.4645742471537845e-11
3.976	3.4565224773406705e-11
3.978	3.448470707527555e-11
3.98	3.440418937714441e-11
3.982	3.43239279875978e-11
3.984	3.4243666598051214e-11
3.986	3.4163405208504595e-11
3.988	3.408314381895801e-11
3.99	3.40028824294114e-11
3.992	3.3922877652922994e-11
3.994	3.384287287643458e-11
3.996	3.376286809994619e-11
3.998	3.368286332345777e-11
4.	3.360285854696937e-11
4.002	3.352311069835124e-11
4.004	3.344336284973311e-11
4.006	3.336361500111495e-11
4.008	3.328386715249682e-11
4.01	3.320411930387869e-11
4.012	3.3124628711055305e-11
4.014	3.304513811823188e-11
4.016	3.29656475254085e-11
4.018	3.2886156932585117e-11
4.02	3.280666633976173e-11
4.021999999999999	3.2727433346651475e-11
4.024	3.264820035354118e-11
4.026	3.2568967360430926e-11
4.028	3.248973436732067e-11
4.029999999999999	3.241050137421041e-11
4.032	3.2331526343718155e-11
4.034	3.225255131322594e-11
4.036	3.2173576282733726e-11
4.037999999999999	3.2094601252241505e-11
4.04	3.201562622174926e-11
4.042	3.1936909538873163e-11
4.044	3.185819285599707e-11
4.045999999999999	3.1779476173120973e-11
4.048	3.1700759490244846e-11
4.05	3.162204280736876e-11
4.052	3.1543584882424906e-11
4.053999999999999	3.1465126957481056e-11
4.056	3.138666903253717e-11
4.058	3.130821110759332e-11
4.06	3.122975318264947e-11
4.061999999999999	3.115155445461802e-11
4.064	3.107335572658654e-11
4.066	3.099515699855509e-11
4.068	3.091695827052364e-11
4.069999999999999	3.083875954249219e-11
4.072	3.076082048248873e-11
4.074	3.068288142248531e-11
4.076	3.0604942362481885e-11
4.077999999999999	3.052700330247847e-11
4.08	3.0449064242475005e-11
4.082	3.037138535735088e-11
4.084	3.029370647222675e-11
4.085999999999999	3.021602758710262e-11
4.088	3.013834870197845e-11
4.09	3.0060669816854325e-11
4.092	2.998325165292969e-11
4.093999999999999	2.9905833489005056e-11
4.096	2.982841532508039e-11
4.098	2.9750997161155755e-11
4.1	2.967357899723112e-11
4.101999999999999	2.9596422144165466e-11
4.104	2.951926529109977e-11
4.106	2.944210843803411e-11
4.108	2.936495158496845e-11
4.109999999999999	2.928779473190279e-11
4.112	2.921089982670597e-11
4.114	2.913400492150918e-11
4.116	2.905711001631239e-11
4.117999999999999	2.89802151111156e-11
4.119999999999999	2.890332020591881e-11
4.122	2.8826687937108204e-11
4.124	2.8750055668297632e-11
4.1259999999999994	2.8673423399487062e-11
4.127999999999999	2.859679113067649e-11
4.13	2.8520158861865888e-11
4.132	2.8443789973772834e-11
4.1339999999999995	2.836742108567978e-11
4.135999999999999	2.8291052197586726e-11
4.138	2.8214683309493637e-11
4.14	2.8138314421400586e-11
4.1419999999999995	2.806220971863149e-11
4.143999999999999	2.7986105015862402e-11
4.146	2.7910000313093278e-11
4.148	2.7833895610324186e-11
4.1499999999999995	2.7757790907555094e-11
4.151999999999999	2.76819512596116e-11
4.154	2.760611161166808e-11
4.156	2.7530271963724585e-11
4.1579999999999995	2.7454432315781093e-11
4.159999999999999	2.73785926678376e-11
4.162	2.73030190139006e-11
4.164	2.722744535996363e-11
4.1659999999999995	2.715187170602666e-11
4.167999999999999	2.7076298052089687e-11
4.17	2.7000724398152685e-11
4.172	2.6925417752035375e-11
4.1739999999999995	2.6850111105918066e-11
4.175999999999999	2.6774804459800754e-11
4.178	2.6699497813683412e-11
4.18	2.6624191167566103e-11
4.1819999999999995	2.6549152622840606e-11
4.183999999999999	2.6474114078115108e-11
4.186	2.6399075533389582e-11
4.188	2.6324036988664084e-11
4.1899999999999995	2.6248998443938587e-11
4.191999999999999	2.6174229179242455e-11
4.194	2.6099459914546298e-11
4.196	2.6024690649850167e-11
4.1979999999999995	2.5949921385154042e-11
4.199999999999999	2.587515212045791e-11
4.202	2.5800653404724187e-11
4.204	2.5726154688990496e-11
4.2059999999999995	2.56516559732568e-11
4.207999999999999	2.557715725752311e-11
4.21	2.5502658541789383e-11
4.212	2.5428431740976594e-11
4.2139999999999995	2.5354204940163805e-11
4.215999999999999	2.5279978139351017e-11
4.218	2.5205751338538195e-11
4.22	2.5131524537725403e-11
4.2219999999999995	2.5057571118887072e-11
4.223999999999999	2.498361770004874e-11
4.226	2.4909664281210374e-11
4.228	2.4835710862372043e-11
4.2299999999999995	2.476175744353371e-11
4.231999999999999	2.4688078982873397e-11
4.234	2.4614400522213044e-11
4.236	2.454072206155273e-11
4.2379999999999995	2.446704360089241e-11
4.239999999999999	2.4393365140232094e-11
4.242	2.4319963327746418e-11
4.244	2.4246561515260774e-11
4.2459999999999996	2.4173159702775127e-11
4.247999999999999	2.4099757890289483e-11
4.25	2.4026356077803804e-11
4.252	2.3953232724713294e-11
4.254	2.3880109371622785e-11
4.255999999999999	2.3806986018532275e-11
4.258	2.3733862665441734e-11
4.26	2.3660739312351224e-11
4.262	2.358789635759633e-11
4.263999999999999	2.3515053402841444e-11
4.266	2.344221044808652e-11
4.268	2.3369367493331634e-11
4.27	2.3296524538576744e-11
4.271999999999999	2.322396405577768e-11
4.274	2.315140357297859e-11
4.276	2.3078843090179525e-11
4.278	2.3006282607380464e-11
4.279999999999999	2.29337221245814e-11
4.282	2.286144632923729e-11
4.284	2.278917053389321e-11
4.286	2.2716894738549134e-11
4.287999999999999	2.2644618943205055e-11
4.29	2.2572343147860946e-11
4.292	2.2500354404797855e-11
4.294	2.2428365661734767e-11
4.295999999999999	2.2356376918671676e-11
4.298	2.228438817560856e-11
4.3	2.221239943254547e-11
4.302	2.2140700263623286e-11
4.303999999999999	2.2069001094701103e-11
4.306	2.199730192577889e-11
4.308	2.192560275685671e-11
4.31	2.1853903587934526e-11
4.311999999999999	2.178249668002447e-11
4.314	2.1711089772114372e-11
4.316	2.1639682864204312e-11
4.318	2.1568275956294248e-11
4.319999999999999	2.149686904838419e-11
4.322	2.1425757261630414e-11
4.324	2.135464547487667e-11
4.326	2.128353368812292e-11
4.327999999999999	2.121242190136918e-11
4.33	2.1141310114615404e-11
4.332	2.1070496490996185e-11
4.334	2.099968286737696e-11
4.335999999999999	2.092886924375774e-11
4.338	2.0858055620138486e-11
4.34	2.0787241996519267e-11
4.342	2.0716729768726172e-11
4.343999999999999	2.0646217540933076e-11
4.346	2.057570531313995e-11
4.348	2.0505193085346854e-11
4.35	2.0434680857553762e-11
4.351999999999999	2.0364473458212204e-11
4.354	2.029426605887062e-11
4.356	2.0224058659529067e-11
4.358	2.0153851260187513e-11
4.359999999999999	2.0083643860845958e-11
4.362	2.0013744932104987e-11
4.364	1.9943846003364045e-11
4.366	1.9873947074623103e-11
4.367999999999999	1.9804048145882164e-11
4.37	1.9734149217141192e-11
4.372	1.9664562620668856e-11
4.374	1.9594976024196523e-11
4.3759999999999994	1.9525389427724186e-11
4.377999999999999	1.945580283125185e-11
4.38	1.9386216234779488e-11
4.382	1.9316946062210718e-11
4.3839999999999995	1.9247675889641948e-11
4.385999999999999	1.917840571707318e-11
4.388	1.9109135544504383e-11
4.39	1.9039865371935616e-11
4.3919999999999995	1.897091595583556e-11
4.393999999999999	1.89019665397355e-11
4.396	1.8833017123635414e-11
4.398	1.876406770753535e-11
4.3999999999999995	1.8695118291435298e-11
4.401999999999999	1.8626494216863292e-11
4.404	1.855787014229126e-11
4.406	1.848924606771926e-11
4.4079999999999995	1.8420621993147258e-11
4.409999999999999	1.8351997918575255e-11
4.412	1.8283704035368966e-11
4.414	1.821541015216271e-11
4.4159999999999995	1.814711626895645e-11
4.417999999999999	1.8078822385750194e-11
4.42	1.8010528502543906e-11
4.422	1.7942569938495324e-11
4.4239999999999995	1.7874611374446748e-11
4.425999999999999	1.780665281039817e-11
4.428	1.7738694246349564e-11
4.43	1.7670735682300985e-11
4.4319999999999995	1.7603117857478263e-11
4.433999999999999	1.753550003265554e-11
4.436	1.746788220783279e-11
4.438	1.740026438301007e-11
4.4399999999999995	1.7332646558187347e-11
4.441999999999999	1.7265375200794366e-11
4.444	1.7198103843401353e-11
4.446	1.713083248600837e-11
4.4479999999999995	1.7063561128615387e-11
4.449999999999999	1.6996289771222406e-11
4.452	1.6929370935627172e-11
4.454	1.6862452100031973e-11
4.4559999999999995	1.6795533264436768e-11
4.457999999999999	1.672861442884157e-11
4.46	1.6661695593246336e-11
4.462	1.659513568125763e-11
4.4639999999999995	1.6528575769268927e-11
4.465999999999999	1.6462015857280226e-11
4.468	1.6395455945291493e-11
4.47	1.632889603330279e-11
4.4719999999999995	1.626270182071262e-11
4.473999999999999	1.619650760812245e-11
4.476	1.6130313395532255e-11
4.478	1.606411918294209e-11
4.4799999999999995	1.5997924970351922e-11
4.481999999999999	1.593210364297719e-11
4.484	1.586628231560243e-11
4.486	1.58004609882277e-11
4.4879999999999995	1.573463966085297e-11
4.489999999999999	1.566881833347824e-11
4.492	1.5603377543856203e-11
4.494	1.5537936754234197e-11
4.4959999999999996	1.547249596461219e-11
4.497999999999999	1.5407055174990183e-11
4.5	1.5341614385368148e-11
4.502	1.527656238309619e-11
4.504	1.5211510380824236e-11
4.505999999999999	1.5146458378552278e-11
4.508	1.508140637628029e-11
4.51	1.5016354374008336e-11
4.512	1.4951700237664664e-11
4.513999999999999	1.4887046101320995e-11
4.516	1.4822391964977294e-11
4.518	1.4757737828633625e-11
4.52	1.4693083692289952e-11
4.521999999999999	1.4628836876725948e-11
4.524	1.4564590061161915e-11
4.526	1.4500343245597909e-11
4.528	1.4436096430033905e-11
4.529999999999999	1.4371849614469899e-11
4.532	1.4308019623598469e-11
4.534	1.4244189632727066e-11
4.536	1.4180359641855664e-11
4.537999999999999	1.4116529650984261e-11
4.54	1.405269966011283e-11
4.542	1.3989296039523823e-11
4.544	1.3925892418934816e-11
4.545999999999999	1.3862488798345808e-11
4.548	1.3799085177756774e-11
4.55	1.3735681557167766e-11
4.552	1.3672713894381535e-11
4.553999999999999	1.3609746231595303e-11
4.556	1.3546778568809043e-11
4.558	1.3483810906022811e-11
4.56	1.342084324323658e-11
4.561999999999999	1.3358321167996842e-11
4.564	1.3295799092757078e-11
4.566	1.3233277017517342e-11
4.568	1.3170754942277604e-11
4.569999999999999	1.3108232867037867e-11
4.572	1.304616605164618e-11
4.574	1.2984099236254518e-11
4.576	1.2922032420862858e-11
4.577999999999999	1.2859965605471196e-11
4.58	1.2797898790079509e-11
4.582	1.2736296949774237e-11
4.584	1.2674695109468965e-11
4.585999999999999	1.2613093269163695e-11
4.588	1.2551491428858396e-11
4.59	1.2489889588553124e-11
4.592	1.2428762481935956e-11
4.593999999999999	1.2367635375318787e-11
4.596	1.2306508268701592e-11
4.598	1.2245381162084423e-11
4.6	1.2184254055467255e-11
4.601999999999999	1.2123611485039303e-11
4.604	1.206296891461132e-11
4.606	1.2002326344183365e-11
4.608	1.194168377375541e-11
4.609999999999999	1.1881041203327456e-11
4.612	1.1820893015846437e-11
4.614	1.1760744828365447e-11
4.616	1.1700596640884456e-11
4.617999999999999	1.1640448453403464e-11
4.62	1.1580300265922446e-11
4.622	1.1520656353097887e-11
4.624	1.146101244027333e-11
4.6259999999999994	1.1401368527448771e-11
4.628	1.1341724614624188e-11
4.63	1.128208070179963e-11
4.632	1.12229510010322e-11
4.6339999999999995	1.1163821300264768e-11
4.635999999999999	1.1104691599497339e-11
4.638	1.1045561898729882e-11
4.64	1.0986432197962452e-11
4.6419999999999995	1.0927826693024058e-11
4.643999999999999	1.0869221188085662e-11
4.646	1.0810615683147241e-11
4.648	1.0752010178208846e-11
4.6499999999999995	1.0693404673270452e-11
4.651999999999999	1.0635333395055456e-11
4.654	1.0577262116840436e-11
4.656	1.0519190838625444e-11
4.6579999999999995	1.0461119560410448e-11
4.659999999999999	1.0403048282195454e-11
4.662	1.0345521309464883e-11
4.664	1.0287994336734338e-11
4.6659999999999995	1.0230467364003793e-11
4.667999999999999	1.0172940391273248e-11
4.67	1.0115413418542677e-11
4.672	1.0058440879041636e-11
4.6739999999999995	1.0001468339540592e-11
4.675999999999999	9.944495800039552e-12
4.678	9.887523260538484e-12
4.68	9.830550721037442e-12
4.6819999999999995	9.774142792467782e-12
4.683999999999999	9.717734863898118e-12
4.686	9.661326935328432e-12
4.688	9.604919006758769e-12
4.6899999999999995	9.548511078189109e-12
4.691999999999999	9.492677989332975e-12
4.694	9.436844900476818e-12
4.696	9.381011811620684e-12
4.6979999999999995	9.325178722764552e-12
4.699999999999999	9.269345633908417e-12
4.702	9.21409766585031e-12
4.704	9.158849697792228e-12
4.7059999999999995	9.103601729734144e-12
4.707999999999999	9.048353761676062e-12
4.71	8.993105793617955e-12
4.712	8.938453281073506e-12
4.7139999999999995	8.883800768529057e-12
4.715999999999999	8.829148255984608e-12
4.718	8.774495743440134e-12
4.72	8.719843230895684e-12
4.7219999999999995	8.665796563653646e-12
4.723999999999999	8.611749896411607e-12
4.726	8.557703229169545e-12
4.728	8.503656561927506e-12
4.7299999999999995	8.449609894685468e-12
4.731999999999999	8.396179519172041e-12
4.734	8.342749143658594e-12
4.736	8.289318768145169e-12
4.7379999999999995	8.235888392631742e-12
4.739999999999999	8.182458017118317e-12
4.742	8.129654437269863e-12
4.744	8.076850857421431e-12
4.7459999999999996	8.024047277573e-12
4.747999999999999	7.97124369772457e-12
4.75	7.918440117876116e-12
4.752	7.866273900356373e-12
4.754	7.81410768283663e-12
4.755999999999999	7.761941465316888e-12
4.758	7.709775247797122e-12
4.76	7.65760903027738e-12
4.762	7.606090801245814e-12
4.763999999999999	7.55457257221425e-12
4.766	7.50305434318266e-12
4.768	7.451536114151095e-12
4.77	7.400017885119529e-12
4.771999999999999	7.349158335964609e-12
4.774	7.298298786809668e-12
4.776	7.2474392376547494e-12
4.778	7.196579688499832e-12
4.779999999999999	7.145720139344913e-12
4.782	7.095530028593025e-12
4.784	7.045339917841161e-12
4.786	6.995149807089296e-12
4.787999999999999	6.944959696337431e-12
4.79	6.894769585585543e-12
4.792	6.84525973932037e-12
4.794	6.795749893055197e-12
4.795999999999999	6.746240046790024e-12
4.798	6.696730200524828e-12
4.8	6.647220354259655e-12
4.802	6.598401672074513e-12
4.803999999999999	6.5495829898893715e-12
4.806	6.5007643077042095e-12
4.808	6.451945625519067e-12
4.81	6.403126943333926e-12
4.811999999999999	6.355010399042209e-12
4.814	6.30689385475047e-12
4.816	6.258777310458753e-12
4.818	6.2106607661670356e-12
4.819999999999999	6.1625442218753185e-12
4.822	6.115140867258759e-12
4.824	6.067737512642222e-12
4.826	6.0203341580256856e-12
4.827999999999999	5.972930803409148e-12
4.83	5.92552744879259e-12
4.832	5.878848417031495e-12
4.834	5.8321693852704e-12
4.835999999999999	5.785490353509305e-12
4.838	5.7388113217481905e-12
4.84	5.692132289987096e-12
4.842	5.646188799368907e-12
4.843999999999999	5.60024530875072e-12
4.846	5.554301818132511e-12
4.848	5.508358327514323e-12
4.85	5.462414836896135e-12
4.851999999999999	5.417218194826093e-12
4.854	5.372021552756029e-12
4.856	5.326824910685986e-12
4.858	5.281628268615943e-12
4.859999999999999	5.236431626545901e-12
4.862	5.1919932338861685e-12
4.864	5.147554841226456e-12
4.866	5.103116448566744e-12
4.867999999999999	5.058678055907031e-12
4.87	5.014239663247299e-12
4.872	4.970571019013538e-12
4.874	4.9269023747797766e-12
4.8759999999999994	4.883233730546017e-12
4.878	4.839565086312236e-12
4.88	4.795896442078475e-12
4.882	4.7530091485261605e-12
4.8839999999999995	4.710121854973846e-12
4.885999999999999	4.6672345614215305e-12
4.888	4.624347267869197e-12
4.89	4.581459974316882e-12
4.8919999999999995	4.5393657424541146e-12
4.893999999999999	4.497271510591347e-12
4.896	4.4551772787285615e-12
4.898	4.413083046865794e-12
4.8999999999999995	4.370988815003026e-12
4.901999999999999	4.329699470569856e-12
4.904	4.288410126136668e-12
4.906	4.247120781703498e-12
4.9079999999999995	4.205831437270328e-12
4.909999999999999	4.164542092837158e-12
4.912	4.124069582798085e-12
4.914	4.08359707275903e-12
4.9159999999999995	4.043124562719975e-12
4.917999999999999	4.002652052680921e-12
4.92	3.9621795426418485e-12
4.922	3.922535942240185e-12
4.9239999999999995	3.882892341838522e-12
4.925999999999999	3.843248741436859e-12
4.928	3.803605141035178e-12
4.93	3.763961540633515e-12
4.9319999999999995	3.725159061072921e-12
4.933999999999999	3.686356581512328e-12
4.936	3.647554101951717e-12
4.938	3.6087516223911237e-12
4.9399999999999995	3.56994914283053e-12
4.941999999999999	3.5320001396421627e-12
4.944	3.494051136453779e-12
4.946	3.456102133265412e-12
4.9479999999999995	3.418153130077045e-12
4.949999999999999	3.380204126888678e-12
4.952	3.3431211090673206e-12
4.954	3.3060380912459803e-12
4.9559999999999995	3.26895507342464e-12
4.957999999999999	3.2318720556033e-12
4.96	3.194789037781943e-12
4.962	3.158584677777637e-12
4.9639999999999995	3.1223803177733314e-12
4.965999999999999	3.086175957769025e-12
4.968	3.049971597764703e-12
4.97	3.0137672377603967e-12
4.9719999999999995	2.9784543824292542e-12
4.973999999999999	2.943141527098112e-12
4.976	2.907828671766954e-12
4.978	2.8725158164358114e-12
4.9799999999999995	2.837202961104669e-12
4.981999999999999	2.8027946437412828e-12
4.984	2.7683863263778817e-12
4.986	2.7339780090144953e-12
4.9879999999999995	2.6995696916511096e-12
4.989999999999999	2.665161374287723e-12
4.992	2.6316708278829465e-12
4.994	2.5981802814781856e-12
4.9959999999999996	2.5646897350734244e-12
4.997999999999999	2.531199188668663e-12
5.	2.497708642263887e-12
5.002	2.465149314161273e-12
5.004	2.432589986058659e-12
5.005999999999999	2.400030657956045e-12
5.008	2.367471329853416e-12
5.01	2.3349120017508022e-12
5.012	2.3032975699113726e-12
5.013999999999999	2.2716831380719434e-12
5.016	2.2400687062324996e-12
5.018	2.2084542743930704e-12
5.02	2.176839842553641e-12
5.021999999999999	2.146184233687504e-12
5.024	2.1155286248213532e-12
5.026	2.084873015955216e-12
5.028	2.0542174070890794e-12
5.029999999999999	2.0235617982229423e-12
5.032	1.9938792081105228e-12
5.034	1.964196617998116e-12
5.036	1.934514027885709e-12
5.037999999999999	1.904831437773303e-12
5.04	1.875148847660883e-12
5.042	1.8464537640759243e-12
5.044	1.8177586804909658e-12
5.045999999999999	1.7890635969060072e-12
5.048	1.760368513321036e-12
5.05	1.7316734297360773e-12
5.052	1.7039806585076664e-12
5.053999999999999	1.6762878872792556e-12
5.056	1.6485951160508326e-12
5.058	1.6209023448224217e-12
5.06	1.5932095735940109e-12
5.061999999999999	1.5665342685282962e-12
5.064	1.5398589634625701e-12
5.066	1.5131836583968555e-12
5.068	1.4865083533311409e-12
5.069999999999999	1.4598330482654265e-12
5.072	1.4341907459257166e-12
5.074	1.4085484435860183e-12
5.076	1.3829061412463196e-12
5.077999999999999	1.3572638389066212e-12
5.08	1.3316215365669114e-12
5.082	1.3070281973542833e-12
5.084	1.282434858141655e-12
5.085999999999999	1.257841518929027e-12
5.088	1.2332481797163877e-12
5.09	1.2086548405037596e-12
5.092	1.18512689823042e-12
5.093999999999999	1.1615989559570801e-12
5.096	1.1380710136837302e-12
5.098	1.1145430714103903e-12
5.1	1.0910151291370507e-12
5.101999999999999	1.0685695527001658e-12
5.104	1.0461239762632709e-12
5.106	1.023678399826386e-12
5.108	1.001232823389501e-12
5.109999999999999	9.78787246952616e-13
5.112	9.574416204870923e-13
5.114	9.36095994021578e-13
5.116	9.147503675560637e-13
5.117999999999999	8.934047410905493e-13
5.12	8.720591146250255e-13
5.122	8.518317496614393e-13
5.124	8.316043846978531e-13
5.1259999999999994	8.113770197342668e-13
5.128	7.911496547706716e-13
5.13	7.709222898070853e-13
5.132	7.518324065012611e-13
5.1339999999999995	7.327425231954368e-13
5.136	7.136526398896041e-13
5.138	6.945627565837799e-13
5.14	6.754728732779556e-13
5.1419999999999995	6.575410300348012e-13
5.143999999999999	6.396091867916469e-13
5.146	6.216773435484846e-13
5.148	6.037455003053302e-13
5.1499999999999995	5.858136570621758e-13
5.151999999999999	5.69062103852779e-13
5.154	5.523105506433748e-13
5.156	5.355589974339779e-13
5.1579999999999995	5.188074442245811e-13
5.159999999999999	5.020558910151842e-13
5.162	4.865075435909695e-13
5.164	4.709591961667621e-13
5.1659999999999995	4.554108487425549e-13
5.167999999999999	4.398625013183475e-13
5.17	4.243141538941333e-13
5.172	4.0999213461447997e-13
5.1739999999999995	3.956701153348266e-13
5.175999999999999	3.8134809605517334e-13
5.178	3.670260767755136e-13
5.18	3.527040574958603e-13
5.1819999999999995	3.39631687776402e-13
5.183999999999999	3.265593180569438e-13
5.186	3.1348694833747977e-13
5.188	3.004145786180215e-13
5.1899999999999995	2.873422088985633e-13
5.191999999999999	2.755430101065569e-13
5.194	2.637438113145454e-13
5.196	2.519446125225391e-13
5.1979999999999995	2.401454137305327e-13
5.199999999999999	2.283462149385264e-13
5.202	2.1784390928970358e-13
5.204	2.0734160364088597e-13
5.2059999999999995	1.9683929799206839e-13
5.207999999999999	1.863369923432508e-13
5.21	1.7583468669442855e-13
5.212	1.6665319815159278e-13
5.2139999999999995	1.5747170960875702e-13
5.215999999999999	1.4829022106592125e-13
5.218	1.3910873252308142e-13
5.22	1.2992724398024566e-13
5.2219999999999995	1.2209069915346388e-13
5.223999999999999	1.1425415432668213e-13
5.226	1.0641760949989689e-13
5.228	9.858106467311511e-14
5.2299999999999995	9.074451984633335e-14
5.231999999999999	8.42772488939335e-14
5.234	7.780997794153079e-14
5.236	7.134270698913096e-14
5.2379999999999995	6.487543603673112e-14
5.239999999999999	5.840816508433128e-14
5.242	5.3334702612516166e-14
5.244	4.8261240140703924e-14
5.2459999999999996	4.318777766889169e-14
5.247999999999999	3.811431519707945e-14
5.25	3.3040852725264954e-14
5.252	2.938593867169182e-14
5.254	2.5731024618118686e-14
5.255999999999999	2.2076110564545554e-14
5.258	1.8421196510970797e-14
5.26	1.4766282457397662e-14
5.262	1.2554862759109442e-14
5.263999999999999	1.034344306082122e-14
5.266	8.132023362532016e-15
5.268	5.920603664243795e-15
5.27	3.709183965955573e-15