0.02	0.11721275945113474
0.022	0.1181376884614836
0.024	0.11914911512798286
0.026000000000000002	0.1202466065528293
0.028	0.12142969264123468
0.03	0.12269786610321369
0.032	0.12405058276477592
0.034	0.12548726149264675
0.036000000000000004	0.12700728442356637
0.038000000000000006	0.12860999708348936
0.04	0.13029470853500372
0.041999999999999996	0.13206069153307376
0.044	0.13390718268917817
0.046	0.1358333826438872
0.048	0.13783845624775284
0.05	0.13992157038073783
0.052000000000000005	0.1420817436263457
0.054000000000000006	0.14431807226725193
0.05600000000000001	0.14662957997042447
0.057999999999999996	0.14901525564281679
0.06	0.15147405366249864
0.062	0.15400489411747753
0.064	0.156606663054351
0.066	0.15927821273339937
0.068	0.16201836189322202
0.07	0.16482589602316877
0.07200000000000001	0.16769956764433044
0.074	0.1706380965984325
0.076	0.17364017034505552
0.078	0.17670444426750292
0.08	0.17982954215443658
0.082	0.18301405568142012
0.084	0.1862565464220226
0.08600000000000001	0.18955554450519096
0.08800000000000001	0.19290954980219785
0.09000000000000001	0.19631703211315427
0.09200000000000001	0.19977643152972915
0.094	0.20328615880601436
0.096	0.20684459573720598
0.098	0.21045009554694527
0.1	0.2141009832816868
0.10200000000000001	0.2177955562142741
0.10400000000000001	0.22153208425450882
0.10600000000000001	0.22530881036811948
0.108	0.22912395100355995
0.11	0.23297569652669686
0.112	0.2368622116633339
0.114	0.240781635949582
0.116	0.24473208419000325
0.11800000000000001	0.24871164692350292
0.12000000000000001	0.25271839089690545
0.12200000000000001	0.25675035954633063
0.12400000000000001	0.2608055734856634
0.126	0.26488203100361823
0.128	0.26897770856730774
0.13	0.2730905613337945
0.132	0.27721852366895844
0.134	0.2813595096736559
0.136	0.28551141371743155
0.138	0.28967211097918755
0.13999999999999999	0.29383945799490935
0.142	0.2980115031300182
0.144	0.302183548265127
0.146	0.3063555934002358
0.148	0.3105276385353447
0.15	0.31469968367045353
0.152	0.31883872791577295
0.154	0.3229777721610923
0.156	0.32711681640641166
0.158	0.33125586065173107
0.16	0.3353949048970505
0.162	0.3394438581127432
0.164	0.34349281132843584
0.16599999999999998	0.3475417645441285
0.16799999999999998	0.3515907177598212
0.16999999999999998	0.35563967097551397
0.172	0.35954000341173
0.174	0.36344033584794594
0.176	0.367340668284162
0.178	0.371241000720378
0.18	0.3751413331565941
0.182	0.37883347724172955
0.184	0.3825256213268651
0.186	0.3862177654120006
0.188	0.38990990949713605
0.19	0.3936020535822715
0.192	0.397025820833939
0.194	0.4004495880856064
0.19599999999999998	0.40387335533727375
0.19799999999999998	0.4072971225889413
0.19999999999999998	0.41072088984060867
0.20199999999999999	0.41381589889404263
0.204	0.4169109079474767
0.206	0.4200059170009107
0.208	0.42310092605434474
0.21	0.42619593510777865
0.212	0.42890204561779305
0.214	0.4316081561278075
0.216	0.4343142666378218
0.218	0.4370203771478362
0.22	0.43972648765785066
0.222	0.4419842318322733
0.224	0.4442419760066961
0.226	0.44649972018111894
0.228	0.4487574643555417
0.22999999999999998	0.45101520852996446
0.23199999999999998	0.4527662093821062
0.23399999999999999	0.454517210234248
0.236	0.4562682110863898
0.238	0.4580192119385316
0.24	0.4597702127906734
0.242	0.46095757210448995
0.244	0.46214493141830654
0.246	0.4633322907321232
0.248	0.4645196500459397
0.25	0.4657070093597563
0.252	0.46627564014186107
0.254	0.46684427092396574
0.256	0.46741290170607047
0.258	0.4679815324881752
0.26	0.46855016327028
0.262	0.46844702747463135
0.264	0.46834389167898255
0.266	0.46824075588333386
0.268	0.46813762008768506
0.27	0.46803448429203637
0.272	0.46720867321278786
0.274	0.46638286213353924
0.276	0.46555705105429057
0.278	0.46473123997504195
0.28	0.4639054288957934
0.28200000000000003	0.46230798323545985
0.28400000000000003	0.4607105375751264
0.28600000000000003	0.4591130919147929
0.28800000000000003	0.45751564625445934
0.29000000000000004	0.4559182005941259
0.29200000000000004	0.4535014934387263
0.29400000000000004	0.45108478628332677
0.29600000000000004	0.44866807912792717
0.29800000000000004	0.4462513719725276
0.30000000000000004	0.443834664817128
0.30200000000000005	0.4405510306867741
0.30400000000000005	0.43726739655642005
0.30600000000000005	0.43398376242606596
0.30800000000000005	0.43070012829571197
0.31	0.4274164941653581
0.312	0.4232155032958983
0.314	0.4190145124264385
0.316	0.4148135215569787
0.318	0.41061253068751885
0.32	0.4064115398180591
0.322	0.40123469824922053
0.324	0.39605785668038185
0.326	0.39088101511154333
0.328	0.38570417354270475
0.33	0.3805273319738662
0.332	0.37429750910942494
0.334	0.36806768624498365
0.336	0.3618378633805424
0.338	0.35560804051610123
0.34	0.34937821765166
0.342	0.3419771110432727
0.34400000000000003	0.33457600443488544
0.34600000000000003	0.3271748978264982
0.34800000000000003	0.3197737912181109
0.35000000000000003	0.3123726846097236
0.35200000000000004	0.30358688977949827
0.35400000000000004	0.29480109494927303
0.35600000000000004	0.28601530011904774
0.35800000000000004	0.2772295052888224
0.36000000000000004	0.26844371045859705
0.36200000000000004	0.2578075967535121
0.36400000000000005	0.24717148304842712
0.36600000000000005	0.2365353693433421
0.36800000000000005	0.22589925563825713
0.37000000000000005	0.21526314193317203
0.372	0.2013872662864541
0.374	0.1875113906397358
0.376	0.17363551499301744
0.378	0.15975963934629914
0.38	0.1458837636995808
0.382	0.1167852293611724
0.384	0.08768669502276398
0.386	0.05858816068435557
0.388	0.029489626345947158
0.39	0.000391092007538746
0.392	0.00039001447546614383
0.394	0.00038893694339354166
0.396	0.0003878594113209395
0.398	0.0003867818792483373
0.4	0.00038570434717573516
0.402	0.0003846344946829951
0.404	0.00038356464219025505
0.406	0.00038249478969751494
0.40800000000000003	0.0003814249372047749
0.41000000000000003	0.00038035508471203483
0.41200000000000003	0.00037929436933455926
0.41400000000000003	0.0003782336539570837
0.41600000000000004	0.00037717293857960824
0.41800000000000004	0.00037611222320213267
0.42000000000000004	0.00037505150782465716
0.42200000000000004	0.0003740013363740756
0.42400000000000004	0.000372951164923494
0.42600000000000005	0.0003719009934729125
0.42800000000000005	0.0003708508220223309
0.43000000000000005	0.00036980065057174935
0.43200000000000005	0.0003687623772633668
0.43400000000000005	0.00036772410395498426
0.43600000000000005	0.0003666858306466017
0.438	0.00036564755733821923
0.44	0.00036460928402983666
0.442	0.00036358420857155073
0.444	0.0003625591331132649
0.446	0.0003615340576549791
0.448	0.00036050898219669317
0.45	0.0003594839067384073
0.452	0.0003584732727177969
0.454	0.00035746263869718646
0.456	0.00035645200467657607
0.458	0.0003554413706559657
0.46	0.0003544307366353553
0.462	0.0003534357298982716
0.464	0.0003524407231611879
0.466	0.00035144571642410427
0.468	0.0003504507096870206
0.47000000000000003	0.0003494557029499369
0.47200000000000003	0.00034847745039522034
0.47400000000000003	0.0003474991978405037
0.47600000000000003	0.0003465209452857872
0.47800000000000004	0.00034554269273107065
0.48000000000000004	0.00034456444017635403
0.48200000000000004	0.00034360400697639127
0.48400000000000004	0.0003426435737764285
0.48600000000000004	0.00034168314057646563
0.48800000000000004	0.00034072270737650287
0.49000000000000005	0.0003397622741765401
0.49200000000000005	0.00033882066431455853
0.49400000000000005	0.0003378790544525769
0.49600000000000005	0.00033693744459059534
0.49800000000000005	0.00033599583472861377
0.5	0.0003350542248666322
0.502	0.0003341323798574534
0.504	0.0003332105348482746
0.506	0.00033228868983909587
0.508	0.00033136684482991705
0.51	0.0003304449998207383
0.512	0.00032954379589229083
0.514	0.0003286425919638434
0.516	0.00032774138803539596
0.518	0.00032684018410694855
0.52	0.00032593898017850114
0.522	0.0003250592287067319
0.524	0.00032417947723496255
0.526	0.0003232997257631933
0.528	0.000322419974291424
0.53	0.0003215402228196547
0.532	0.000320682669060179
0.534	0.00031982511530070327
0.536	0.0003189675615412276
0.538	0.0003181100077817519
0.54	0.0003172524540222762
0.542	0.00031641777647924027
0.544	0.0003155830989362044
0.546	0.0003147484213931685
0.548	0.0003139137438501326
0.55	0.0003130790663070967
0.552	0.0003122678758703322
0.554	0.00031145668543356765
0.556	0.00031064549499680306
0.558	0.00030983430456003847
0.56	0.00030902311412327394
0.562	0.0003082359536533625
0.5640000000000001	0.00030744879318345115
0.5660000000000001	0.00030666163271353967
0.5680000000000001	0.0003058744722436283
0.5700000000000001	0.0003050873117737169
0.5720000000000001	0.00030432465562291324
0.5740000000000001	0.0003035619994721095
0.5760000000000001	0.0003027993433213058
0.5780000000000001	0.00030203668717050213
0.5800000000000001	0.00030127403101969845
0.5820000000000001	0.00030053628470750617
0.5840000000000001	0.0002997985383953139
0.5860000000000001	0.0002990607920831216
0.5880000000000001	0.0002983230457709293
0.5900000000000001	0.00029758529945873705
0.5920000000000001	0.00029687279944644557
0.5940000000000001	0.000296160299434154
0.5960000000000001	0.0002954477994218625
0.598	0.000294735299409571
0.6	0.00029402279939727945
0.602	0.00029333581298310264
0.604	0.00029264882656892583
0.606	0.000291961840154749
0.608	0.00029127485374057216
0.61	0.00029058786732639536
0.612	0.0002899265926566305
0.614	0.00028926531798686555
0.616	0.00028860404331710064
0.618	0.00028794276864733574
0.62	0.0002872814939775709
0.622	0.00028664606017392416
0.624	0.00028601062637027754
0.626	0.00028537519256663087
0.628	0.0002847397587629842
0.63	0.0002841043249593375
0.632	0.0002834947923582592
0.634	0.00028288525975718096
0.636	0.00028227572715610266
0.638	0.00028166619455502435
0.64	0.0002810566619539461
0.642	0.00028047302247086826
0.644	0.0002798893829877905
0.646	0.0002793057435047127
0.648	0.00027872210402163486
0.65	0.000278138464538557
0.652	0.00027758064216443093
0.654	0.0002770228197903048
0.656	0.0002764649974161788
0.658	0.00027590717504205267
0.66	0.0002753493526679266
0.662	0.0002748172041037833
0.664	0.00027428505553964003
0.666	0.00027375290697549676
0.668	0.0002732207584113535
0.67	0.0002726886098472102
0.672	0.00027218192492508913
0.674	0.00027167524000296805
0.676	0.00027116855508084697
0.678	0.00027066187015872595
0.68	0.0002701551852366048
0.682	0.00026967368845868785
0.684	0.0002691921916807708
0.686	0.00026871069490285376
0.6880000000000001	0.0002682291981249368
0.6900000000000001	0.0002677477013470198
0.6920000000000001	0.0002672910522523684
0.6940000000000001	0.000266834403157717
0.6960000000000001	0.0002663777540630656
0.6980000000000001	0.00026592110496841424
0.7000000000000001	0.0002654644558737628
0.7020000000000001	0.0002650322503659649
0.7040000000000001	0.0002646000448581669
0.7060000000000001	0.0002641678393503689
0.7080000000000001	0.00026373563384257095
0.7100000000000001	0.000263303428334773
0.7120000000000001	0.0002628951999681109
0.7140000000000001	0.0002624869716014488
0.7160000000000001	0.0002620787432347867
0.7180000000000001	0.0002616705148681246
0.7200000000000001	0.0002612622865014626
0.7220000000000001	0.0002608775078495891
0.724	0.00026049272919771553
0.726	0.00026010795054584205
0.728	0.0002597231718939685
0.73	0.00025933839324209504
0.732	0.0002589764774321955
0.734	0.000258614561622296
0.736	0.00025825264581239645
0.738	0.0002578907300024968
0.74	0.00025752881419259727
0.742	0.00025718911658413574
0.744	0.00025684941897567416
0.746	0.0002565097213672127
0.748	0.0002561700237587511
0.75	0.0002558303261502895
0.752	0.00025551214616160767
0.754	0.00025519396617292587
0.756	0.00025487578618424396
0.758	0.0002545576061955621
0.76	0.0002542394262068803
0.762	0.00025394200929578544
0.764	0.00025364459238469064
0.766	0.00025334717547359584
0.768	0.000253049758562501
0.77	0.0002527523416514062
0.772	0.0002524748814495961
0.774	0.00025219742124778585
0.776	0.00025191996104597574
0.778	0.00025164250084416557
0.78	0.0002513650406423554
0.782	0.0002511066812557124
0.784	0.0002508483218690695
0.786	0.00025058996248242645
0.788	0.00025033160309578356
0.79	0.00025007324370914056
0.792	0.00024983308218455634
0.794	0.0002495929206599721
0.796	0.00024935275913538785
0.798	0.0002491125976108037
0.8	0.0002488724360862194
0.802	0.0002486495250538715
0.804	0.00024842661402152367
0.806	0.00024820370298917567
0.808	0.00024798079195682783
0.81	0.00024775788092447993
0.812	0.000247551231436237
0.8140000000000001	0.000247344581947994
0.8160000000000001	0.00024713793245975094
0.8180000000000001	0.000246931282971508
0.8200000000000001	0.000246724633483265
0.8220000000000001	0.0002465332179707411
0.8240000000000001	0.00024634180245821724
0.8260000000000001	0.0002461503869456933
0.8280000000000001	0.00024595897143316937
0.8300000000000001	0.0002457675559206455
0.8320000000000001	0.0002455903115031512
0.8340000000000001	0.0002454130670856569
0.8360000000000001	0.0002452358226681626
0.8380000000000001	0.00024505857825066836
0.8400000000000001	0.000244881333833174
0.8420000000000001	0.0002447171656861038
0.8440000000000001	0.0002445529975390336
0.8460000000000001	0.00024438882939196337
0.8480000000000001	0.0002442246612448933
0.8500000000000001	0.00024406049309782304
0.8520000000000001	0.00024390827812705677
0.854	0.0002437560631562905
0.856	0.00024360384818552432
0.858	0.00024345163321475805
0.86	0.0002432994182439918
0.862	0.0002431579465787566
0.864	0.00024301647491352144
0.866	0.00024287500324828625
0.868	0.00024273353158305104
0.87	0.00024259205991781585
0.872	0.00024245760812870255
0.874	0.00024232315633958924
0.876	0.00024218870455047594
0.878	0.0002420542527613626
0.88	0.00024191980097224933
0.882	0.00024178906131881112
0.884	0.0002416583216653729
0.886	0.00024152758201193475
0.888	0.00024139684235849652
0.89	0.00024126610270505832
0.892	0.0002411387121371212
0.894	0.000241011321569184
0.896	0.00024088393100124686
0.898	0.0002407565404333097
0.9	0.00024062914986537257
0.902	0.0002405048476206818
0.904	0.00024038054537599098
0.906	0.0002402562431313002
0.908	0.00024013194088660938
0.91	0.0002400076386419186
0.912	0.000239886145404925
0.914	0.00023976465216793145
0.916	0.00023964315893093788
0.918	0.0002395216656939443
0.92	0.00023940017245695076
0.922	0.0002392811903762871
0.924	0.00023916220829562346
0.926	0.00023904322621495978
0.928	0.00023892424413429614
0.93	0.00023880526205363248
0.932	0.0002386884747838247
0.934	0.00023857168751401688
0.936	0.00023845490024420907
0.9380000000000001	0.00023833811297440129
0.9400000000000001	0.00023822132570459347
0.9420000000000001	0.0002381063984765102
0.9440000000000001	0.0002379914712484269
0.9460000000000001	0.00023787654402034357
0.9480000000000001	0.00023776161679226027
0.9500000000000001	0.000237646689564177
0.9520000000000001	0.0002375332758607708
0.9540000000000001	0.00023741986215736465
0.9560000000000001	0.0002373064484539585
0.9580000000000001	0.00023719303475055233
0.9600000000000001	0.00023707962104714618
0.9620000000000001	0.00023696732985692285
0.9640000000000001	0.00023685503866669954
0.9660000000000001	0.00023674274747647621
0.9680000000000001	0.0002366304562862529
0.9700000000000001	0.00023651816509602958
0.9720000000000001	0.00023640662683429485
0.9740000000000001	0.0002362950885725601
0.9760000000000001	0.00023618355031082536
0.9780000000000001	0.0002360720120490906
0.98	0.00023596047378735588
0.982	0.00023584927473955803
0.984	0.00023573807569176022
0.986	0.00023562687664396237
0.988	0.00023551567759616453
0.99	0.00023540447854836672
0.992	0.00023529319398056322
0.994	0.0002351819094127597
0.996	0.00023507062484495622
0.998	0.00023495934027715273
1.	0.00023484805570934923
1.002	0.0002347362435670906
1.004	0.00023462443142483198
1.006	0.0002345126192825733
1.008	0.0002344008071403147
1.01	0.00023428899499805607
1.012	0.00023417619621856768
1.014	0.0002340633974390793
1.016	0.0002339505986595909
1.018	0.0002338377998801025
1.02	0.00023372500110061415
1.022	0.00023361073996344111
1.024	0.00023349647882626813
1.026	0.0002333822176890951
1.028	0.00023326795655192212
1.03	0.0002331536954147491
1.032	0.00023303747993781606
1.034	0.000232921264460883
1.036	0.00023280504898394997
1.038	0.0002326888335070169
1.04	0.00023257261803008385
1.042	0.00023245394041003533
1.044	0.00023233526278998684
1.046	0.00023221658516993832
1.048	0.00023209790754988982
1.05	0.0002319792299298413
1.052	0.0002318575670294107
1.054	0.0002317359041289801
1.056	0.0002316142412285495
1.058	0.0002314925783281189
1.06	0.00023137091542768827
1.062	0.00023124572931342393
1.064	0.00023112054319915956
1.066	0.00023099535708489522
1.068	0.00023087017097063085
1.07	0.00023074498485636647
1.072	0.00023061572338400064
1.074	0.00023048646191163485
1.076	0.00023035720043926901
1.078	0.0002302279389669032
1.08	0.0002300986774945374
1.082	0.00022996477495767408
1.084	0.00022983087242081076
1.086	0.00022969696988394745
1.088	0.00022956306734708414
1.09	0.00022942916481022082
1.092	0.0002292900426379741
1.094	0.00022915092046572736
1.096	0.00022901179829348066
1.098	0.00022887267612123392
1.1	0.00022873355394898722
1.102	0.00022858862146538884
1.104	0.00022844368898179048
1.106	0.0002282987564981921
1.108	0.00022815382401459376
1.11	0.0002280088915309954
1.112	0.00022785754678440883
1.114	0.00022770620203782223
1.116	0.00022755485729123568
1.118	0.0002274035125446491
1.12	0.00022725216779806253
1.122	0.00022709379845074583
1.124	0.00022693542910342913
1.1260000000000001	0.0002267770597561124
1.1280000000000001	0.00022661869040879572
1.1300000000000001	0.000226460321061479
1.1320000000000001	0.00022629430535396841
1.1340000000000001	0.00022612828964645786
1.1360000000000001	0.00022596227393894728
1.1380000000000001	0.00022579625823143673
1.1400000000000001	0.00022563024252392612
1.1420000000000001	0.00022545595031475316
1.1440000000000001	0.0002252816581055802
1.1460000000000001	0.00022510736589640725
1.1480000000000001	0.00022493307368723426
1.1500000000000001	0.0002247587814780613
1.1520000000000001	0.00022457557536334534
1.1540000000000001	0.00022439236924862936
1.1560000000000001	0.00022420916313391337
1.1580000000000001	0.00022402595701919738
1.1600000000000001	0.00022384275090448142
1.1620000000000001	0.00022364998742305372
1.1640000000000001	0.00022345722394162602
1.1660000000000001	0.00022326446046019833
1.1680000000000001	0.00022307169697877063
1.1700000000000002	0.00022287893349734293
1.1720000000000002	0.00022267596442711863
1.174	0.00022247299535689438
1.176	0.00022227002628667013
1.178	0.00022206705721644583
1.18	0.00022186408814622155
1.182	0.00022165026189771236
1.184	0.00022143643564920317
1.186	0.00022122260940069397
1.188	0.00022100878315218475
1.19	0.0002207949569036756
1.192	0.00022056962001878555
1.194	0.0002203442831338955
1.196	0.00022011894624900544
1.198	0.0002198936093641154
1.2	0.0002196682724792254
1.202	0.00021943077124072588
1.204	0.0002191932700022264
1.206	0.00021895576876372692
1.208	0.00021871826752522744
1.21	0.00021848076628672793
1.212	0.00021823044845048625
1.214	0.00021798013061424454
1.216	0.0002177298127780029
1.218	0.0002174794949417612
1.22	0.00021722917710551953
1.222	0.0002169653937630714
1.224	0.00021670161042062325
1.226	0.0002164378270781751
1.228	0.00021617404373572692
1.23	0.00021591026039327878
1.232	0.00021563236797714252
1.234	0.00021535447556100625
1.236	0.00021507658314486996
1.238	0.0002147986907287337
1.24	0.00021452079831259742
1.242	0.00021422816075734584
1.244	0.00021393552320209423
1.246	0.00021364288564684267
1.248	0.00021335024809159106
1.25	0.00021305761053633945
1.252	0.0002127496016104477
1.254	0.0002124415926845559
1.256	0.0002121335837586641
1.258	0.0002118255748327723
1.26	0.0002115175659068805
1.262	0.00021119328625285685
1.264	0.00021086900659883316
1.266	0.00021054472694480953
1.268	0.00021022044729078582
1.27	0.00020989616763676216
1.272	0.0002095519785975869
1.274	0.00020920778955841164
1.276	0.00020886360051923638
1.278	0.00020851941148006112
1.28	0.0002081752224408859
1.282	0.00020781021410288115
1.284	0.00020744520576487644
1.286	0.0002070801974268717
1.288	0.00020671518908886696
1.29	0.00020635018075086222
1.292	0.00020596444430274688
1.294	0.0002055787078546315
1.296	0.0002051929714065161
1.298	0.00020480723495840074
1.3	0.00020442149851028534
1.302	0.0002040151460564521
1.304	0.00020360879360261893
1.306	0.0002032024411487857
1.308	0.00020279608869495244
1.31	0.00020238973624111923
1.312	0.00020196290128406667
1.314	0.00020153606632701407
1.316	0.00020110923136996154
1.318	0.00020068239641290891
1.32	0.00020025556145585635
1.322	0.0001998083993828903
1.324	0.00019936123730992424
1.326	0.00019891407523695817
1.328	0.00019846691316399216
1.33	0.00019801975109102606
1.332	0.00019755243966482273
1.334	0.0001970851282386194
1.336	0.00019661781681241608
1.338	0.00019615050538621275
1.34	0.0001956831939600094
1.342	0.00019519593381358885
1.344	0.00019470867366716828
1.346	0.00019422141352074774
1.348	0.00019373415337432717
1.35	0.0001932468932279066
1.352	0.00019273990836345952
1.354	0.00019223292349901248
1.356	0.0001917259386345654
1.358	0.00019121895377011836
1.36	0.0001907119689056713
1.362	0.00019018550629670063
1.364	0.00018965904368772998
1.366	0.00018913258107875933
1.368	0.00018860611846978868
1.37	0.000188079655860818
1.372	0.00018753397432745493
1.374	0.00018698829279409186
1.3760000000000001	0.00018644261126072873
1.3780000000000001	0.00018589692972736566
1.3800000000000001	0.0001853512481940026
1.3820000000000001	0.00018478664250267933
1.3840000000000001	0.00018422203681135607
1.3860000000000001	0.00018365743112003281
1.3880000000000001	0.00018309282542870956
1.3900000000000001	0.00018252821973738635
1.3920000000000001	0.00018194501519372736
1.3940000000000001	0.0001813618106500684
1.3960000000000001	0.00018077860610640946
1.3980000000000001	0.0001801954015627505
1.4000000000000001	0.00017961219701909155
1.4020000000000001	0.00017901074483522744
1.4040000000000001	0.00017840929265136333
1.4060000000000001	0.00017780784046749919
1.4080000000000001	0.0001772063882836351
1.4100000000000001	0.000176604936099771
1.4120000000000001	0.00017598561391776846
1.4140000000000001	0.0001753662917357659
1.4160000000000001	0.00017474696955376335
1.4180000000000001	0.00017412764737176082
1.4200000000000002	0.0001735083251897583
1.4220000000000002	0.00017287153757474164
1.4240000000000002	0.000172234749959725
1.4260000000000002	0.00017159796234470832
1.428	0.00017096117472969173
1.43	0.00017032438711467508
1.432	0.00016967056606404527
1.434	0.0001690167450134155
1.436	0.00016836292396278573
1.438	0.00016770910291215597
1.44	0.0001670552818615262
1.442	0.0001663848873099222
1.444	0.00016571449275831827
1.446	0.00016504409820671431
1.448	0.00016437370365511033
1.45	0.0001637033091035064
1.452	0.00016301682942564065
1.454	0.0001623303497477749
1.456	0.00016164387006990913
1.458	0.00016095739039204338
1.46	0.00016027091071417764
1.462	0.00015956886322425462
1.464	0.00015886681573433164
1.466	0.0001581647682444086
1.468	0.0001574627207544856
1.47	0.0001567606732645626
1.472	0.0001560436047105123
1.474	0.00015532653615646196
1.476	0.0001546094676024116
1.478	0.00015389239904836123
1.48	0.0001531753304943109
1.482	0.00015244381754471578
1.484	0.00015171230459512066
1.486	0.0001509807916455256
1.488	0.00015024927869593046
1.49	0.00014951776574633537
1.492	0.00014877241546726577
1.494	0.00014802706518819616
1.496	0.0001472817149091266
1.498	0.000146536364630057
1.5	0.00014579101435098743
1.502	0.000145032464669359
1.504	0.00014427391498773057
1.506	0.00014351536530610216
1.508	0.0001427568156244737
1.51	0.0001419982659428453
1.512	0.00014122718609214165
1.514	0.000140456106241438
1.516	0.00013968502639073429
1.518	0.00013891394654003066
1.52	0.000138142866689327
1.522	0.00013735995763148568
1.524	0.00013657704857364435
1.526	0.00013579413951580305
1.528	0.00013501123045796173
1.53	0.00013422832140012037
1.532	0.00013343431621686133
1.534	0.0001326403110336022
1.536	0.0001318463058503431
1.538	0.00013105230066708402
1.54	0.00013025829548382492
1.542	0.0001294539597279429
1.544	0.00012864962397206084
1.546	0.00012784528821617878
1.548	0.00012704095246029675
1.55	0.0001262366167044147
1.552	0.00012542274869812526
1.554	0.00012460888069183585
1.556	0.00012379501268554644
1.558	0.00012298114467925703
1.56	0.0001221672766729676
1.562	0.0001213447077368467
1.564	0.0001205221388007258
1.566	0.0001196995698646049
1.568	0.000118877000928484
1.57	0.0001180544319923631
1.572	0.00011722402658265651
1.574	0.00011639362117294992
1.576	0.00011556321576324332
1.578	0.00011473281035353674
1.58	0.00011390240494383016
1.582	0.00011306506066617272
1.584	0.00011222771638851526
1.586	0.00011139037211085782
1.588	0.00011055302783320037
1.59	0.00010971568355554291
1.592	0.00010887233101414257
1.594	0.0001080289784727422
1.596	0.00010718562593134183
1.598	0.00010634227338994147
1.6	0.00010549892084854112
1.602	0.00010465052326844355
1.604	0.000103802125688346
1.606	0.00010295372810824845
1.608	0.00010210533052815088
1.61	0.00010125693294805332
1.612	0.0001004044854845376
1.614	0.00009955203802102189
1.616	0.00009869959055750617
1.618	0.00009784714309399046
1.62	0.00009699469563047473
1.622	0.00009613918279499828
1.624	0.00009528366995952182
1.6260000000000001	0.00009442815712404537
1.6280000000000001	0.0000935726442885689
1.6300000000000001	0.00009271713145309244
1.6320000000000001	0.00009185953109332808
1.6340000000000001	0.00009100193073356372
1.6360000000000001	0.00009014433037379936
1.6380000000000001	0.000089286730014035
1.6400000000000001	0.00008842912965427064
1.6420000000000001	0.00008757050709684686
1.6440000000000001	0.00008671188453942307
1.6460000000000001	0.00008585326198199929
1.6480000000000001	0.00008499463942457551
1.6500000000000001	0.00008413601686715173
1.6520000000000001	0.00008327750116071423
1.6540000000000001	0.00008241898545427674
1.6560000000000001	0.00008156046974783926
1.6580000000000001	0.00008070195404140176
1.6600000000000001	0.00007984343833496426
1.6620000000000001	0.00007898617419600353
1.6640000000000001	0.00007812891005704281
1.6660000000000001	0.0000772716459180821
1.6680000000000001	0.00007641438177912136
1.6700000000000002	0.00007555711764016063
1.6720000000000002	0.00007470225544860399
1.6740000000000002	0.00007384739325704734
1.6760000000000002	0.00007299253106549069
1.6780000000000002	0.00007213766887393404
1.6800000000000002	0.00007128280668237739
1.6820000000000002	0.0000704314863878754
1.6840000000000002	0.00006958016609337341
1.686	0.0000687288457988715
1.688	0.0000678775255043695
1.69	0.00006702620520986751
1.692	0.0000661795292868475
1.694	0.00006533285336382747
1.696	0.00006448617744080745
1.698	0.00006363950151778743
1.7	0.00006279282559476741
1.702	0.00006195181084294412
1.704	0.00006111079609112079
1.706	0.0000602697813392975
1.708	0.000059428766587474184
1.71	0.00005858775183565087
1.712	0.000057753236378695684
1.714	0.0000569187209217405
1.716	0.000056084205464785316
1.718	0.00005524969000783013
1.72	0.00005441517455087494
1.722	0.00005358761747658399
1.724	0.00005276006040229303
1.726	0.00005193250332800207
1.728	0.00005110494625371112
1.73	0.00005027738917942016
1.732	0.00004945636304364773
1.734	0.00004863533690787532
1.736	0.00004781431077210289
1.738	0.00004699328463633046
1.74	0.000046172258500558034
1.742	0.00004535477306093441
1.744	0.00004453728762131078
1.746	0.00004371980218168715
1.748	0.00004290231674206354
1.75	0.0000420848313024399
1.752	0.00004125548190077568
1.754	0.00004042613249911146
1.756	0.00003959678309744724
1.758	0.00003876743369578301
1.76	0.00003793808429411879
1.762	0.00003710183579961728
1.764	0.000036265587305115774
1.766	0.00003542933881061427
1.768	0.00003459309031611277
1.77	0.000033756841821611266
1.772	0.00003308465632433464
1.774	0.00003241247082705801
1.776	0.00003174028532978139
1.778	0.00003106809983250477
1.78	0.00003039591433522815
1.782	0.00002973532435318984
1.784	0.000029074734371151532
1.786	0.000028414144389113228
1.788	0.000027753554407074923
1.79	0.000027092964425036618
1.792	0.00002644427903044653
1.794	0.00002579559363585644
1.796	0.000025146908241266347
1.798	0.000024498222846676257
1.8	0.00002384953745208617
1.802	0.000023212481388776132
1.804	0.000022575425325466097
1.806	0.000021938369262156062
1.808	0.000021301313198846024
1.81	0.00002066425713553599
1.812	0.0000200374792684845
1.814	0.000019410701401433013
1.816	0.000018783923534381527
1.818	0.00001815714566733004
1.82	0.000017530367800278555
1.822	0.000016910362674300553
1.824	0.000016290357548322548
1.826	0.000015670352422344543
1.828	0.000015050347296366538
1.83	0.000014430342170388534
1.832	0.000013808676892679671
1.834	0.00001318701161497081
1.836	0.000012565346337261947
1.838	0.00001194368105955309
1.84	0.000011322015781844223
1.842	0.000010676068616533317
1.844	0.00001003012145122241
1.846	9.3841742859115e-6
1.848	8.738227120600593e-6
1.85	8.092279955289685e-6
1.852	7.330441232943381e-6
1.854	6.568602510597076e-6
1.856	5.806763788250772e-6
1.858	5.044925065904467e-6
1.86	4.283086343558154e-6
1.862	3.4281912332426787e-6
1.864	2.5732961229272043e-6
1.866	1.7184010126117297e-6
1.868	8.635059022962551e-7
1.87	8.610791980780551e-9
1.872	8.579229495305056e-9
1.874	8.54766700982956e-9
1.8760000000000001	8.516104524354064e-9
1.8780000000000001	8.484542038878568e-9
1.8800000000000001	8.452979553403073e-9
1.8820000000000001	8.42169909419111e-9
1.8840000000000001	8.390418634979146e-9
1.8860000000000001	8.359138175767181e-9
1.8880000000000001	8.327857716555219e-9
1.8900000000000001	8.296577257343254e-9
1.8920000000000001	8.265581224987991e-9
1.8940000000000001	8.234585192632728e-9
1.8960000000000001	8.203589160277463e-9
1.8980000000000001	8.1725931279222e-9
1.9000000000000001	8.141597095566937e-9
1.9020000000000001	8.110887821152505e-9
1.9040000000000001	8.080178546738071e-9
1.9060000000000001	8.049469272323637e-9
1.9080000000000001	8.018759997909204e-9
1.9100000000000001	7.98805072349477e-9
1.9120000000000001	7.95763046802176e-9
1.9140000000000001	7.92721021254875e-9
1.9160000000000001	7.89678995707574e-9
1.9180000000000001	7.866369701602731e-9
1.9200000000000002	7.83594944612972e-9
1.9220000000000002	7.80582040120021e-9
1.9240000000000002	7.775691356270699e-9
1.9260000000000002	7.745562311341189e-9
1.9280000000000002	7.715433266411678e-9
1.9300000000000002	7.685304221482168e-9
1.9320000000000002	7.65546850527373e-9
1.9340000000000002	7.625632789065291e-9
1.9360000000000002	7.595797072856855e-9
1.9380000000000002	7.565961356648416e-9
1.94	7.53612564043998e-9
1.942	7.506585304155548e-9
1.944	7.477044967871115e-9
1.946	7.447504631586682e-9
1.948	7.417964295302248e-9
1.95	7.388423959017814e-9
1.952	7.3591809797977775e-9
1.954	7.329938000577742e-9
1.956	7.300695021357706e-9
1.958	7.271452042137669e-9
1.96	7.242209062917634e-9
1.962	7.213265346863189e-9
1.964	7.184321630808745e-9
1.966	7.1553779147543e-9
1.968	7.1264341986998556e-9
1.97	7.09749048264541e-9
1.972	7.06884786382025e-9
1.974	7.04020524499509e-9
1.976	7.01156262616993e-9
1.978	6.982920007344769e-9
1.98	6.954277388519609e-9
1.982	6.925937628624981e-9
1.984	6.8975978687303535e-9
1.986	6.8692581088357255e-9
1.988	6.840918348941098e-9
1.99	6.81257858904647e-9
1.992	6.784543377112187e-9
1.994	6.756508165177904e-9
1.996	6.72847295324362e-9
1.998	6.700437741309338e-9
2.	6.672402529375054e-9
2.002	6.644673481460016e-9
2.004	6.61694443354497e-9
2.006	6.589215385629932e-9
2.008	6.561486337714887e-9
2.01	6.5337572897998485e-9
2.012	6.506335948703291e-9
2.014	6.47891460760674e-9
2.016	6.451493266510183e-9
2.018	6.424071925413632e-9
2.02	6.396650584317075e-9
2.0220000000000002	6.369538419300758e-9
2.024	6.342426254284447e-9
2.0260000000000002	6.31531408926813e-9
2.028	6.288201924251819e-9
2.0300000000000002	6.2610897592355016e-9
2.032	6.234288165776698e-9
2.0340000000000003	6.207486572317888e-9
2.036	6.1806849788590856e-9
2.0380000000000003	6.153883385400276e-9
2.04	6.127081791941472e-9
2.0420000000000003	6.100592091321948e-9
2.044	6.074102390702429e-9
2.0460000000000003	6.047612690082904e-9
2.048	6.021122989463386e-9
2.0500000000000003	5.994633288843861e-9
2.052	5.968456728327923e-9
2.0540000000000003	5.9422801678119774e-9
2.056	5.91610360729604e-9
2.0580000000000003	5.889927046780095e-9
2.06	5.863750486264156e-9
2.0620000000000003	5.837890501168331e-9
2.064	5.812030516072511e-9
2.0660000000000003	5.786170530976686e-9
2.068	5.760310545880866e-9
2.07	5.734450560785047e-9
2.072	5.708901460393864e-9
2.074	5.683352360002687e-9
2.076	5.657803259611502e-9
2.078	5.632254159220325e-9
2.08	5.606705058829143e-9
2.082	5.581474654483132e-9
2.084	5.556244250137117e-9
2.086	5.5310138457911085e-9
2.088	5.505783441445092e-9
2.09	5.480553037099083e-9
2.092	5.455640013621776e-9
2.094	5.430726990144474e-9
2.096	5.405813966667167e-9
2.098	5.380900943189865e-9
2.1	5.355987919712559e-9
2.102	5.331393149220964e-9
2.104	5.306798378729364e-9
2.106	5.282203608237771e-9
2.108	5.257608837746171e-9
2.11	5.2330140672545764e-9
2.112	5.208738346913642e-9
2.114	5.184462626572712e-9
2.116	5.160186906231776e-9
2.118	5.135911185890847e-9
2.12	5.111635465549911e-9
2.122	5.087679516263062e-9
2.124	5.0637235669762065e-9
2.126	5.039767617689356e-9
2.128	5.015811668402501e-9
2.13	4.991855719115651e-9
2.132	4.9682206471259265e-9
2.134	4.9445855751362065e-9
2.136	4.920950503146482e-9
2.138	4.897315431156763e-9
2.14	4.8736803591670374e-9
2.142	4.850365350742095e-9
2.144	4.827050342317147e-9
2.146	4.803735333892205e-9
2.148	4.780420325467256e-9
2.15	4.757105317042313e-9
2.152	4.7341122484538834e-9
2.154	4.71111917986546e-9
2.156	4.688126111277031e-9
2.158	4.665133042688606e-9
2.16	4.642139974100177e-9
2.162	4.619468801275217e-9
2.164	4.596797628450252e-9
2.166	4.574126455625292e-9
2.168	4.551455282800328e-9
2.17	4.5287841099753674e-9
2.172	4.5064351735887555e-9
2.174	4.484086237202149e-9
2.176	4.461737300815537e-9
2.178	4.439388364428929e-9
2.18	4.417039428042317e-9
2.182	4.395012992377362e-9
2.184	4.372986556712401e-9
2.186	4.350960121047446e-9
2.188	4.328933685382486e-9
2.19	4.30690724971753e-9
2.192	4.285203502603826e-9
2.194	4.263499755490127e-9
2.196	4.241796008376425e-9
2.198	4.220092261262726e-9
2.2	4.198388514149022e-9
2.202	4.1770075668921794e-9
2.204	4.155626619635331e-9
2.206	4.134245672378488e-9
2.208	4.11286472512164e-9
2.21	4.091483777864796e-9
2.212	4.07042566519909e-9
2.214	4.049367552533389e-9
2.216	4.028309439867682e-9
2.218	4.007251327201981e-9
2.22	3.986193214536274e-9
2.222	3.965457894644367e-9
2.224	3.944722574752455e-9
2.226	3.923987254860548e-9
2.228	3.903251934968636e-9
2.23	3.8825166150767295e-9
2.232	3.862103969497285e-9
2.234	3.8416913239178445e-9
2.236	3.8212786783384e-9
2.238	3.8008660327589594e-9
2.24	3.780453387179515e-9
2.242	3.760363220858215e-9
2.244	3.7402730545369096e-9
2.246	3.720182888215609e-9
2.248	3.700092721894304e-9
2.25	3.6800025555730033e-9
2.2520000000000002	3.6602345968634135e-9
2.254	3.640466638153828e-9
2.2560000000000002	3.620698679444239e-9
2.258	3.6009307207346532e-9
2.2600000000000002	3.5811627620250634e-9
2.262	3.561716662717362e-9
2.2640000000000002	3.542270563409656e-9
2.266	3.522824464101955e-9
2.2680000000000002	3.5033783647942488e-9
2.27	3.4839322654865473e-9
2.2720000000000002	3.46480760085119e-9
2.274	3.445682936215838e-9
2.2760000000000002	3.4265582715804813e-9
2.278	3.4074336069451288e-9
2.2800000000000002	3.388308942309772e-9
2.282	3.369505211276818e-9
2.2840000000000003	3.3507014802438595e-9
2.286	3.331897749210905e-9
2.2880000000000003	3.313094018177947e-9
2.29	3.2942902871449924e-9
2.2920000000000003	3.2758069120191154e-9
2.294	3.2573235368932417e-9
2.2960000000000003	3.2388401617673643e-9
2.298	3.220356786641491e-9
2.3000000000000003	3.2018734115156136e-9
2.302	3.1837097382898517e-9
2.3040000000000003	3.1655460650640865e-9
2.306	3.1473823918383246e-9
2.3080000000000003	3.1292187186125585e-9
2.31	3.111055045386797e-9
2.3120000000000003	3.093210344130631e-9
2.314	3.0753656428744687e-9
2.3160000000000003	3.0575209416183024e-9
2.318	3.0396762403621403e-9
2.3200000000000003	3.021831539105974e-9
2.322	3.0043050036880327e-9
2.3240000000000003	2.9867784682700877e-9
2.326	2.969251932852146e-9
2.328	2.951725397434205e-9
2.33	2.9341988620162597e-9
2.332	2.916989610392983e-9
2.334	2.8997803587697033e-9
2.336	2.8825711071464276e-9
2.338	2.8653618555231473e-9
2.34	2.8481526038998707e-9
2.342	2.8312596999242533e-9
2.344	2.81436679594864e-9
2.346	2.7974738919730226e-9
2.348	2.780580987997409e-9
2.35	2.7636880840217916e-9
2.352	2.7471104291022626e-9
2.354	2.73053277418273e-9
2.356	2.713955119263201e-9
2.358	2.6973774643436684e-9
2.36	2.6807998094241395e-9
2.362	2.664536359881147e-9
2.364	2.648272910338158e-9
2.366	2.6320094607951654e-9
2.368	2.615746011252176e-9
2.37	2.5994825617091835e-9
2.372	2.5835321425625903e-9
2.374	2.5675817234159935e-9
2.376	2.5516313042694003e-9
2.378	2.535680885122804e-9
2.38	2.5197304659762107e-9
2.382	2.504091754886315e-9
2.384	2.488453043796423e-9
2.386	2.4728143327065274e-9
2.388	2.4571756216166355e-9
2.39	2.44153691052674e-9
2.392	2.426208794053511e-9
2.394	2.410880677580279e-9
2.396	2.39555256110705e-9
2.398	2.380224444633818e-9
2.4	2.3648963281605893e-9
2.402	2.349876808791939e-9
2.404	2.3348572894232914e-9
2.406	2.3198377700546406e-9
2.408	2.3048182506859935e-9
2.41	2.289798731317343e-9
2.412	2.2750869432704685e-9
2.414	2.2603751552235903e-9
2.416	2.2456633671767157e-9
2.418	2.230951579129838e-9
2.42	2.216239791082963e-9
2.422	2.201833962729682e-9
2.424	2.187428134376404e-9
2.426	2.1730223060231226e-9
2.428	2.158616477669845e-9
2.43	2.1442106493165637e-9
2.432	2.130109150709706e-9
2.434	2.1160076521028454e-9
2.436	2.1019061534959877e-9
2.438	2.087804654889127e-9
2.44	2.0737031562822694e-9
2.442	2.059904284376247e-9
2.444	2.046105412470227e-9
2.446	2.032306540564204e-9
2.448	2.018507668658184e-9
2.45	2.004708796752161e-9
2.452	1.9912107751598316e-9
2.454	1.977712753567499e-9
2.456	1.9642147319751695e-9
2.458	1.9507167103828366e-9
2.46	1.937218688790507e-9
2.462	1.924019669051967e-9
2.464	1.9108206493134298e-9
2.466	1.8976216295748895e-9
2.468	1.884422609836352e-9
2.47	1.8712235900978118e-9
2.472	1.8583216515000054e-9
2.474	1.8454197129021964e-9
2.476	1.8325177743043898e-9
2.478	1.8196158357065807e-9
2.48	1.8067138971087743e-9
2.482	1.7941070472317071e-9
2.484	1.7815001973546429e-9
2.486	1.7688933474775761e-9
2.488	1.7562864976005119e-9
2.49	1.743679647723445e-9
2.492	1.7313658228870326e-9
2.494	1.7190519980506178e-9
2.496	1.7067381732142054e-9
2.498	1.6944243483777906e-9
2.5	1.6821105235413783e-9
2.5020000000000002	1.6700875892593844e-9
2.504	1.6580646549773935e-9
2.5060000000000002	1.6460417206954e-9
2.508	1.634018786413409e-9
2.5100000000000002	1.6219958521314152e-9
2.512	1.6102616036238215e-9
2.5140000000000002	1.5985273551162248e-9
2.516	1.586793106608631e-9
2.5180000000000002	1.5750588581010345e-9
2.52	1.5633246095934407e-9
2.5220000000000002	1.5518767722483788e-9
2.524	1.5404289349033195e-9
2.5260000000000002	1.5289810975582573e-9
2.528	1.517533260213198e-9
2.5300000000000002	1.506085422868136e-9
2.532	1.4949216528000216e-9
2.5340000000000003	1.4837578827319051e-9
2.536	1.4725941126637907e-9
2.5380000000000003	1.4614303425956742e-9
2.54	1.4502665725275598e-9
2.5420000000000003	1.4393844571217643e-9
2.544	1.4285023417159711e-9
2.5460000000000003	1.4176202263101755e-9
2.548	1.4067381109043823e-9
2.5500000000000003	1.3958559954985867e-9
2.552	1.3852530539874143e-9
2.5540000000000003	1.3746501124762393e-9
2.556	1.3640471709650667e-9
2.5580000000000003	1.3534442294538917e-9
2.56	1.3428412879427194e-9
2.5620000000000003	1.33251497200566e-9
2.564	1.3221886560686033e-9
2.5660000000000003	1.3118623401315444e-9
2.568	1.3015360241944876e-9
2.5700000000000003	1.2912097082574283e-9
2.572	1.2811574026462601e-9
2.5740000000000003	1.2711050970350896e-9
2.576	1.2610527914239212e-9
2.5780000000000003	1.2510004858127508e-9
2.58	1.2409481802015824e-9
2.582	1.2311672033075135e-9
2.584	1.2213862264134423e-9
2.586	1.2116052495193734e-9
2.588	1.2018242726253022e-9
2.59	1.1920432957312333e-9
2.592	1.182530900597437e-9
2.594	1.1730185054636424e-9
2.596	1.163506110329846e-9
2.598	1.1539937151960515e-9
2.6	1.1444813200622551e-9
2.602	1.1352346945773384e-9
2.604	1.1259880690924195e-9
2.606	1.1167414436075028e-9
2.608	1.107494818122584e-9
2.61	1.0982481926376674e-9
2.612	1.0892644606081581e-9
2.614	1.0802807285786509e-9
2.616	1.071296996549142e-9
2.618	1.0623132645196347e-9
2.62	1.0533295324901256e-9
2.622	1.0446057543112336e-9
2.624	1.0358819761323395e-9
2.626	1.0271581979534475e-9
2.628	1.0184344197745534e-9
2.63	1.0097106415956614e-9
2.632	1.001243815036775e-9
2.634	9.927769884778907e-10
2.636	9.843101619190042e-10
2.638	9.758433353601198e-10
2.64	9.673765088012335e-10
2.642	9.591635698203058e-10
2.644	9.509506308393762e-10
2.646	9.427376918584482e-10
2.648	9.345247528775186e-10
2.65	9.263118138965908e-10
2.652	9.183496375198243e-10
2.654	9.103874611430597e-10
2.656	9.024252847662934e-10
2.658	8.944631083895288e-10
2.66	8.865009320127623e-10
2.662	8.787863330624096e-10
2.664	8.710717341120551e-10
2.666	8.633571351617022e-10
2.668	8.556425362113478e-10
2.67	8.47927937260995e-10
2.672	8.404576714851326e-10
2.674	8.329874057092719e-10
2.676	8.255171399334097e-10
2.678	8.18046874157549e-10
2.68	8.105766083816867e-10
2.682	8.033473731986193e-10
2.684	7.961181380155504e-10
2.686	7.888889028324832e-10
2.688	7.816596676494141e-10
2.69	7.744304324663469e-10
2.692	7.674388681304787e-10
2.694	7.604473037946122e-10
2.696	7.534557394587441e-10
2.698	7.464641751228777e-10
2.7	7.394726107870096e-10
2.702	7.327153011664215e-10
2.704	7.259579915458318e-10
2.706	7.192006819252437e-10
2.708	7.12443372304654e-10
2.71	7.056860626840659e-10
2.712	6.991595364158068e-10
2.714	6.92633010147549e-10
2.716	6.8610648387929e-10
2.718	6.795799576110323e-10
2.72	6.730534313427731e-10
2.722	6.667541629121252e-10
2.724	6.604548944814761e-10
2.726	6.541556260508282e-10
2.728	6.47856357620179e-10
2.73	6.415570891895312e-10
2.732	6.354815000259736e-10
2.734	6.294059108624173e-10
2.736	6.233303216988597e-10
2.738	6.172547325353034e-10
2.74	6.111791433717458e-10
2.742	6.053236029834427e-10
2.744	5.994680625951384e-10
2.746	5.936125222068353e-10
2.748	5.877569818185311e-10
2.75	5.81901441430228e-10
2.7520000000000002	5.762622685937151e-10
2.754	5.706230957572035e-10
2.7560000000000002	5.649839229206906e-10
2.758	5.593447500841791e-10
2.7600000000000002	5.537055772476662e-10
2.762	5.482790412311357e-10
2.7640000000000002	5.428525052146039e-10
2.766	5.374259691980733e-10
2.7680000000000002	5.319994331815415e-10
2.77	5.265728971650111e-10
2.7720000000000002	5.213552189921454e-10
2.774	5.161375408192811e-10
2.7760000000000002	5.109198626464154e-10
2.778	5.05702184473551e-10
2.7800000000000002	5.004845063006854e-10
2.782	4.954718600563169e-10
2.7840000000000003	4.904592138119473e-10
2.786	4.854465675675788e-10
2.7880000000000003	4.804339213232091e-10
2.79	4.754212750788406e-10
2.7920000000000003	4.706097892577217e-10
2.794	4.65798303436604e-10
2.7960000000000003	4.6098681761548513e-10
2.798	4.561753317943674e-10
2.8000000000000003	4.5136384597324856e-10
2.802	4.4674960487336876e-10
2.8040000000000003	4.42135363773488e-10
2.806	4.3752112267360824e-10
2.8080000000000003	4.3290688157372747e-10
2.81	4.282926404738477e-10
2.8120000000000003	4.238716856351099e-10
2.814	4.1945073079637313e-10
2.8160000000000003	4.150297759576353e-10
2.818	4.106088211188986e-10
2.8200000000000003	4.0618786628016077e-10
2.822	4.019561979737492e-10
2.8240000000000003	3.977245296673366e-10
2.826	3.9349286136092503e-10
2.8280000000000003	3.8926119305451246e-10
2.83	3.850295247481009e-10
2.8320000000000003	3.8098310350483045e-10
2.834	3.7693668226156095e-10
2.836	3.7289026101829135e-10
2.838	3.6884383977502097e-10
2.84	3.647974185317514e-10
2.842	3.609321667448614e-10
2.844	3.570669149579723e-10
2.846	3.532016631710823e-10
2.848	3.4933641138419317e-10
2.85	3.4547115959730324e-10
2.852	3.4178296314975905e-10
2.854	3.3809476670221403e-10
2.856	3.3440657025466984e-10
2.858	3.307183738071248e-10
2.86	3.2703017735958063e-10
2.862	3.23514887307951e-10
2.864	3.199995972563223e-10
2.866	3.1648430720469273e-10
2.868	3.1296901715306393e-10
2.87	3.094537271014344e-10
2.872	3.061071614685691e-10
2.874	3.0276059583570307e-10
2.876	2.994140302028378e-10
2.878	2.9606746456997183e-10
2.88	2.9272089893710654e-10
2.882	2.8953884447251125e-10
2.884	2.8635679000791674e-10
2.886	2.831747355433216e-10
2.888	2.799926810787271e-10
2.89	2.7681062661413186e-10
2.892	2.7378884069828276e-10
2.894	2.70767054782433e-10
2.896	2.6774526886658394e-10
2.898	2.647234829507342e-10
2.9	2.6170169703488513e-10
2.902	2.588359096084476e-10
2.904	2.5597012218201076e-10
2.906	2.5310433475557326e-10
2.908	2.5023854732913643e-10
2.91	2.4737275990269894e-10
2.912	2.446586754708025e-10
2.914	2.4194459103890547e-10
2.916	2.39230506607009e-10
2.918	2.3651642217511196e-10
2.92	2.338023377432155e-10
2.922	2.3123563744988193e-10
2.924	2.2866893715654894e-10
2.926	2.261022368632154e-10
2.928	2.235355365698824e-10
2.93	2.2096883627654888e-10
2.932	2.1854518005255592e-10
2.934	2.1612152382856245e-10
2.936	2.1369786760456955e-10
2.938	2.1127421138057607e-10
2.94	2.0885055515658312e-10
2.942	2.0656558394426137e-10
2.944	2.0428061273194013e-10
2.946	2.019956415196184e-10
2.948	1.997106703072972e-10
2.95	1.9742569909497545e-10
2.952	1.9527503715376817e-10
2.954	1.9312437521256042e-10
2.956	1.909737132713532e-10
2.958	1.8882305133014545e-10
2.96	1.8667238938893817e-10
2.962	1.8465164668584766e-10
2.964	1.8263090398275765e-10
2.966	1.806101612796672e-10
2.968	1.7858941857657713e-10
2.97	1.7656867587348668e-10
2.972	1.7467345056291478e-10
2.974	1.7277822525234243e-10
2.976	1.7088299994177053e-10
2.978	1.6898777463119818e-10
2.98	1.6709254932062627e-10
2.982	1.65318430315607e-10
2.984	1.6354431131058812e-10
2.986	1.6177019230556885e-10
2.988	1.5999607330054997e-10
2.99	1.5822195429553072e-10
2.992	1.5656452395282584e-10
2.994	1.5490709361012065e-10
2.996	1.532496632674158e-10
2.998	1.5159223292471054e-10
3.	1.4993480258200569e-10
3.0020000000000002	1.483896394650962e-10
3.004	1.4684447634818708e-10
3.0060000000000002	1.4529931323127765e-10
3.008	1.4375415011436855e-10
3.0100000000000002	1.4220898699745907e-10
3.012	1.4077166877758604e-10
3.0140000000000002	1.3933435055771266e-10
3.016	1.3789703233783962e-10
3.0180000000000002	1.3645971411796623e-10
3.02	1.350223958980932e-10
3.0220000000000002	1.3368850236297058e-10
3.024	1.3235460882784824e-10
3.0260000000000002	1.310207152927256e-10
3.028	1.2968682175760326e-10
3.0300000000000002	1.2835292822248063e-10
3.032	1.2711804441315206e-10
3.0340000000000003	1.2588316060382323e-10
3.036	1.246482767944947e-10
3.0380000000000003	1.2341339298516586e-10
3.04	1.221785091758373e-10
3.0420000000000003	1.2103822865951122e-10
3.044	1.1989794814318538e-10
3.0460000000000003	1.1875766762685933e-10
3.048	1.1761738711053348e-10
3.0500000000000003	1.164771065942074e-10
3.052	1.1542703488240566e-10
3.0540000000000003	1.1437696317060368e-10
3.056	1.1332689145880195e-10
3.0580000000000003	1.1227681974699997e-10
3.06	1.1122674803519824e-10
3.0620000000000003	1.1026250615803813e-10
3.064	1.0929826428087823e-10
3.0660000000000003	1.0833402240371811e-10
3.068	1.0736978052655821e-10
3.0700000000000003	1.0640553864939809e-10
3.072	1.055227668981523e-10
3.0740000000000003	1.0463999514690632e-10
3.076	1.0375722339566055e-10
3.0780000000000003	1.0287445164441457e-10
3.08	1.0199167989316879e-10
3.0820000000000003	1.0118604174476378e-10
3.084	1.0038040359635894e-10
3.0860000000000003	9.957476544795394e-11
3.088	9.87691272995491e-11
3.0900000000000003	9.79634891511441e-11
3.092	9.723067539006872e-11
3.094	9.649786162899332e-11
3.096	9.576504786791777e-11
3.098	9.503223410684237e-11
3.1	9.429942034576684e-11
3.102	9.363515436509764e-11
3.104	9.29708883844283e-11
3.106	9.230662240375909e-11
3.108	9.164235642308975e-11
3.11	9.097809044242055e-11
3.112	9.037812893233234e-11
3.114	8.977816742224424e-11
3.116	8.917820591215604e-11
3.118	8.857824440206795e-11
3.12	8.797828289197975e-11
3.122	8.743842653660549e-11
3.124	8.689857018123109e-11
3.126	8.635871382585684e-11
3.128	8.581885747048246e-11
3.13	8.527900111510819e-11
3.132	8.479509488011798e-11
3.134	8.431118864512787e-11
3.136	8.382728241013765e-11
3.138	8.334337617514755e-11
3.14	8.285946994015734e-11
3.142	8.242741306849371e-11
3.144	8.199535619683001e-11
3.146	8.156329932516639e-11
3.148	8.113124245350268e-11
3.15	8.069918558183907e-11
3.152	8.031493198164952e-11
3.154	7.993067838146006e-11
3.156	7.954642478127053e-11
3.158	7.916217118108106e-11
3.16	7.877791758089153e-11
3.162	7.843646550184532e-11
3.164	7.809501342279903e-11
3.166	7.775356134375281e-11
3.168	7.741210926470652e-11
3.17	7.707065718566031e-11
3.172	7.675861705043025e-11
3.174	7.644657691520029e-11
3.176	7.613453677997023e-11
3.178	7.582249664474024e-11
3.18	7.55104565095102e-11
3.182	7.522295629772877e-11
3.184	7.493545608594727e-11
3.186	7.464795587416585e-11
3.188	7.436045566238437e-11
3.19	7.407295545060293e-11
3.192	7.380862351601649e-11
3.194	7.35442915814301e-11
3.196	7.327995964684365e-11
3.198	7.301562771225727e-11
3.2	7.275129577767081e-11
3.202	7.250876323124266e-11
3.204	7.226623068481446e-11
3.206	7.20236981383863e-11
3.208	7.178116559195808e-11
3.21	7.153863304552995e-11
3.212	7.1316535232683e-11
3.214	7.109443741983613e-11
3.216	7.08723396069892e-11
3.218	7.065024179414232e-11
3.22	7.042814398129539e-11
3.222	7.022512204345559e-11
3.224	7.002210010561573e-11
3.226	6.981907816777594e-11
3.228	6.96160562299361e-11
3.23	6.941303429209628e-11
3.232	6.922777704737972e-11
3.234	6.90425198026632e-11
3.236	6.885726255794665e-11
3.238	6.867200531323014e-11
3.24	6.848674806851358e-11
3.242	6.83177926461473e-11
3.244	6.814883722378098e-11
3.246	6.797988180141468e-11
3.248	6.781092637904837e-11
3.25	6.764197095668208e-11
3.2520000000000002	6.748810691826834e-11
3.254	6.733424287985463e-11
3.2560000000000002	6.718037884144089e-11
3.258	6.702651480302719e-11
3.2600000000000002	6.687265076461344e-11
3.262	6.673251985517759e-11
3.2640000000000002	6.659238894574172e-11
3.266	6.645225803630587e-11
3.2680000000000002	6.631212712686998e-11
3.27	6.617199621743415e-11
3.2720000000000002	6.604429562325339e-11
3.274	6.591659502907265e-11
3.2760000000000002	6.57888944348919e-11
3.278	6.566119384071117e-11
3.2800000000000002	6.55334932465304e-11
3.282	6.541693765935999e-11
3.2840000000000003	6.530038207218956e-11
3.286	6.518382648501915e-11
3.2880000000000003	6.506727089784871e-11
3.29	6.49507153106783e-11
3.2920000000000003	6.484403938751493e-11
3.294	6.473736346435159e-11
3.2960000000000003	6.46306875411882e-11
3.298	6.452401161802486e-11
3.3000000000000003	6.44173356948615e-11
3.302	6.431885706664869e-11
3.3040000000000003	6.422037843843589e-11
3.306	6.412189981022309e-11
3.3080000000000003	6.402342118201027e-11
3.31	6.392494255379747e-11
3.3120000000000003	6.382917126998483e-11
3.314	6.373339998617221e-11
3.3160000000000003	6.363762870235955e-11
3.318	6.354185741854693e-11
3.3200000000000003	6.344608613473429e-11
3.322	6.335049981016308e-11
3.3240000000000003	6.325491348559186e-11
3.326	6.315932716102066e-11
3.3280000000000003	6.306374083644942e-11
3.33	6.296815451187822e-11
3.3320000000000003	6.287275547991014e-11
3.334	6.277735644794208e-11
3.3360000000000003	6.268195741597402e-11
3.338	6.258655838400596e-11
3.3400000000000003	6.24911593520379e-11
3.342	6.239594990524478e-11
3.3440000000000003	6.230074045845165e-11
3.346	6.220553101165855e-11
3.3480000000000003	6.211032156486541e-11
3.35	6.201511211807231e-11
3.352	6.192009450798844e-11
3.354	6.182507689790455e-11
3.356	6.173005928782068e-11
3.358	6.163504167773679e-11
3.36	6.154002406765292e-11
3.362	6.144520050454119e-11
3.364	6.135037694142949e-11
3.366	6.125555337831775e-11
3.368	6.116072981520605e-11
3.37	6.106590625209432e-11
3.372	6.09712789047266e-11
3.374	6.087665155735885e-11
3.376	6.078202420999112e-11
3.378	6.068739686262338e-11
3.38	6.059276951525567e-11
3.382	6.049834051070777e-11
3.384	6.040391150615988e-11
3.386	6.030948250161197e-11
3.388	6.021505349706408e-11
3.39	6.012062449251618e-11
3.392	6.002639591597815e-11
3.394	5.993216733944008e-11
3.396	5.983793876290203e-11
3.398	5.974371018636396e-11
3.4	5.964948160982592e-11
3.402	5.955545550442767e-11
3.404	5.946142939902943e-11
3.406	5.936740329363117e-11
3.408	5.927337718823293e-11
3.41	5.917935108283468e-11
3.412	5.908552944948833e-11
3.414	5.899170781614194e-11
3.416	5.889788618279559e-11
3.418	5.880406454944922e-11
3.42	5.871024291610286e-11
3.422	5.861662771336122e-11
3.424	5.852301251061962e-11
3.426	5.842939730787799e-11
3.428	5.833578210513637e-11
3.43	5.824216690239474e-11
3.432	5.814876004632746e-11
3.434	5.805535319026015e-11
3.436	5.796194633419287e-11
3.438	5.7868539478125574e-11
3.44	5.7775132622058284e-11
3.442	5.768193598614541e-11
3.444	5.7588739350232557e-11
3.446	5.7495542714319677e-11
3.448	5.740234607840682e-11
3.45	5.730914944249394e-11
3.452	5.721616486084525e-11
3.454	5.712318027919653e-11
3.456	5.703019569754784e-11
3.458	5.6937211115899124e-11
3.46	5.684422653425043e-11
3.462	5.675145578824692e-11
3.464	5.665868504224343e-11
3.466	5.656591429623991e-11
3.468	5.647314355023642e-11
3.47	5.638037280423291e-11
3.472	5.628781764250531e-11
3.474	5.619526248077768e-11
3.476	5.610270731905008e-11
3.478	5.6010152157322456e-11
3.48	5.591759699559485e-11
3.482	5.582525912057964e-11
3.484	5.573292124556445e-11
3.486	5.564058337054924e-11
3.488	5.5548245495534055e-11
3.49	5.545590762051884e-11
3.492	5.5363788691819665e-11
3.494	5.5271669763120477e-11
3.496	5.51795508344213e-11
3.498	5.5087431905722114e-11
3.5	5.499531297702294e-11
3.5020000000000002	5.49034146114237e-11
3.504	5.4811516245824474e-11
3.5060000000000002	5.471961788022523e-11
3.508	5.4627719514626e-11
3.5100000000000002	5.4535821149026763e-11
3.512	5.4444144920527185e-11
3.5140000000000002	5.435246869202758e-11
3.516	5.4260792463528e-11
3.5180000000000002	5.416911623502839e-11
3.52	5.407744000652881e-11
3.5220000000000002	5.398598744640244e-11
3.524	5.389453488627608e-11
3.5260000000000002	5.3803082326149696e-11
3.528	5.371162976602334e-11
3.5300000000000002	5.362017720589697e-11
3.532	5.352894980277338e-11
3.5340000000000003	5.343772239964978e-11
3.536	5.334649499652619e-11
3.5380000000000003	5.325526759340259e-11
3.54	5.3164040190279006e-11
3.5420000000000003	5.3073039390249654e-11
3.544	5.298203859022033e-11
3.5460000000000003	5.289103779019098e-11
3.548	5.280003699016165e-11
3.5500000000000003	5.27090361901323e-11
3.552	5.261826339688203e-11
3.5540000000000003	5.2527490603631734e-11
3.556	5.243671781038146e-11
3.5580000000000003	5.2345945017131166e-11
3.56	5.225517222388089e-11
3.5620000000000003	5.216462879884497e-11
3.564	5.207408537380907e-11
3.5660000000000003	5.1983541948773164e-11
3.568	5.189299852373726e-11
3.5700000000000003	5.180245509870134e-11
3.572	5.171215513049687e-11
3.5740000000000003	5.162185516229238e-11
3.576	5.1531555194087915e-11
3.5780000000000003	5.1441255225883425e-11
3.58	5.135095525767895e-11
3.5820000000000003	5.126086172054992e-11
3.584	5.1170768183420916e-11
3.5860000000000003	5.10806746462919e-11
3.588	5.099058110916289e-11
3.5900000000000003	5.090048757203386e-11
3.592	5.081064000052748e-11
3.5940000000000003	5.072079242902109e-11
3.596	5.063094485751471e-11
3.5980000000000003	5.0541097286008315e-11
3.6	5.0451249714501935e-11
3.6020000000000003	5.0361636538554726e-11
3.604	5.027202336260753e-11
3.606	5.018241018666034e-11
3.608	5.009279701071312e-11
3.61	5.000318383476593e-11
3.612	4.991380620788624e-11
3.614	4.9824428581006576e-11
3.616	4.973505095412689e-11
3.618	4.9645673327247224e-11
3.62	4.955629570036754e-11
3.622	4.946715473534749e-11
3.624	4.937801377032742e-11
3.626	4.928887280530738e-11
3.628	4.9199731840287323e-11
3.63	4.9110590875267275e-11
3.632	4.90216876445448e-11
3.634	4.8932784413822354e-11
3.636	4.884388118309988e-11
3.638	4.8754977952377426e-11
3.64	4.866607472165495e-11
3.642	4.857741025770935e-11
3.644	4.848874579376372e-11
3.646	4.840008132981812e-11
3.648	4.83114168658725e-11
3.65	4.822275240192689e-11
3.652	4.8134327697707915e-11
3.654	4.804590299348896e-11
3.656	4.795747828926999e-11
3.658	4.786905358505103e-11
3.66	4.7780628880832054e-11
3.662	4.7692444890224604e-11
3.664	4.7604260899617135e-11
3.666	4.751607690900968e-11
3.668	4.74278929184022e-11
3.67	4.733970892779475e-11
3.672	4.7251766566119254e-11
3.674	4.7163824204443775e-11
3.676	4.7075881842768276e-11
3.678	4.69879394810928e-11
3.68	4.68999971194173e-11
3.682	4.681229726396786e-11
3.684	4.6724597408518396e-11
3.686	4.663689755306895e-11
3.688	4.654919769761949e-11
3.69	4.646149784217005e-11
3.692	4.637404133279064e-11
3.694	4.628658482341125e-11
3.696	4.6199128314031837e-11
3.698	4.611167180465245e-11
3.7	4.602421529527304e-11
3.702	4.593700293497368e-11
3.704	4.584979057467429e-11
3.706	4.5762578214374926e-11
3.708	4.567536585407554e-11
3.71	4.558815349377618e-11
3.712	4.5501186049389524e-11
3.714	4.5414218605002886e-11
3.716	4.5327251160616235e-11
3.718	4.5240283716229596e-11
3.72	4.515331627184294e-11
3.722	4.5066594474723417e-11
3.724	4.497987267760388e-11
3.726	4.489315088048436e-11
3.728	4.480642908336482e-11
3.73	4.47197072862453e-11
3.732	4.4633231833011314e-11
3.734	4.454675637977735e-11
3.736	4.4460280926543365e-11
3.738	4.4373805473309396e-11
3.74	4.428733002007541e-11
3.742	4.420110157339636e-11
3.744	4.41148731267173e-11
3.746	4.402864468003826e-11
3.748	4.39424162333592e-11
3.75	4.385618778668015e-11
3.7520000000000002	4.377020697610949e-11
3.754	4.368422616553885e-11
3.7560000000000002	4.359824535496818e-11
3.758	4.351226454439755e-11
3.7600000000000002	4.342628373382689e-11
3.762	4.334055115668283e-11
3.7640000000000002	4.3254818579538766e-11
3.766	4.3169086002394714e-11
3.7680000000000002	4.308335342525065e-11
3.77	4.299762084810659e-11
3.7720000000000002	4.291213707040147e-11
3.774	4.282665329269636e-11
3.7760000000000002	4.2741169514991245e-11
3.778	4.265568573728615e-11
3.7800000000000002	4.2570201959581017e-11
3.782	4.248496751700148e-11
3.7840000000000003	4.239973307442192e-11
3.786	4.2314498631842375e-11
3.7880000000000003	4.2229264189262815e-11
3.79	4.214402974668328e-11
3.7920000000000003	4.2059045145621986e-11
3.794	4.197406054456072e-11
3.7960000000000003	4.188907594349942e-11
3.798	4.180409134243815e-11
3.8000000000000003	4.1719106741376864e-11
3.802	4.16343724600183e-11
3.8040000000000003	4.154963817865972e-11
3.806	4.146490389730117e-11
3.8080000000000003	4.138016961594259e-11
3.81	4.1295435334584034e-11
3.8120000000000003	4.121095182404508e-11
3.814	4.1126468313506145e-11
3.8160000000000003	4.104198480296718e-11
3.818	4.095750129242824e-11
3.8200000000000003	4.087301778188929e-11
3.822	4.078878546530512e-11
3.8240000000000003	4.0704553148720926e-11
3.826	4.062032083213677e-11
3.8280000000000003	4.0536088515552576e-11
3.83	4.0451856198968414e-11
3.8320000000000003	4.036787548128629e-11
3.834	4.0283894763604184e-11
3.8360000000000003	4.019991404592206e-11
3.838	4.0115933328239954e-11
3.8400000000000003	4.003195261055783e-11
3.842	3.9948223866909816e-11
3.8440000000000003	3.986449512326179e-11
3.846	3.978076637961377e-11
3.8480000000000003	3.969703763596575e-11
3.85	3.9613308892317734e-11
3.8520000000000003	3.9529832478122645e-11
3.854	3.9446356063927574e-11
3.8560000000000003	3.936287964973249e-11
3.858	3.927940323553742e-11
3.86	3.919592682134236e-11
3.862	3.9112703071544464e-11
3.864	3.902947932174661e-11
3.866	3.894625557194873e-11
3.868	3.8863031822150864e-11
3.87	3.8779808072352984e-11
3.872	3.869683730293141e-11
3.874	3.8613866533509825e-11
3.876	3.853089576408825e-11
3.878	3.844792499466667e-11
3.88	3.836495422524511e-11
3.882	3.828223673479119e-11
3.884	3.81995192443373e-11
3.886	3.81168017538834e-11
3.888	3.8034084263429504e-11
3.89	3.795136677297559e-11
3.892	3.786890284434083e-11
3.894	3.778643891570605e-11
3.896	3.770397498707128e-11
3.898	3.762151105843649e-11
3.9	3.7539047129801724e-11
3.902	3.74568370318177e-11
3.904	3.7374626933833685e-11
3.906	3.729241683584965e-11
3.908	3.7210206737865646e-11
3.91	3.7127996639881614e-11
3.912	3.704604062915497e-11
3.914	3.6964084618428304e-11
3.916	3.688212860770165e-11
3.918	3.680017259697499e-11
3.92	3.671821658624834e-11
3.922	3.6636514909032176e-11
3.924	3.6554813231816034e-11
3.926	3.647311155459987e-11
3.928	3.6391409877383725e-11
3.93	3.6309708200167564e-11
3.932	3.622826109431234e-11
3.934	3.6146813988457104e-11
3.936	3.606536688260188e-11
3.938	3.598391977674664e-11
3.94	3.5902472670891413e-11
3.942	3.582128036787727e-11
3.944	3.574008806486313e-11
3.946	3.565889576184899e-11
3.948	3.557770345883485e-11
3.95	3.5496511155820706e-11
3.952	3.5415573882874e-11
3.954	3.533463660992729e-11
3.956	3.5253699336980583e-11
3.958	3.5172762064033865e-11
3.96	3.5091824791087166e-11
3.962	3.501114277338353e-11
3.964	3.493046075567991e-11
3.966	3.4849778737976275e-11
3.968	3.476909672027265e-11
3.97	3.4688414702569014e-11
3.972	3.4607988165525787e-11
3.974	3.4527561628482546e-11
3.976	3.4447135091439306e-11
3.978	3.4366708554396066e-11
3.98	3.428628201735284e-11
3.982	3.420611118901329e-11
3.984	3.412594036067376e-11
3.986	3.40457695323342e-11
3.988	3.3965598703994664e-11
3.99	3.388542787565512e-11
3.992	3.380551298887522e-11
3.994	3.372559810209532e-11
3.996	3.364568321531542e-11
3.998	3.356576832853551e-11
4.	3.348585344175562e-11
4.002	3.340619473763592e-11
4.004	3.3326536033516215e-11
4.006	3.324687732939647e-11
4.008	3.3167218625276776e-11
4.01	3.308755992115707e-11
4.012	3.3008157651231483e-11
4.014	3.292875538130586e-11
4.016	3.284935311138028e-11
4.018	3.27699508414547e-11
4.02	3.269054857152911e-11
4.021999999999999	3.2611402999803874e-11
4.024	3.25322574280786e-11
4.026	3.245311185635337e-11
4.028	3.237396628462813e-11
4.029999999999999	3.229482071290289e-11
4.032	3.221593211973407e-11
4.034	3.213704352656529e-11
4.036	3.20581549333965e-11
4.037999999999999	3.1979266340227715e-11
4.04	3.1900377747058896e-11
4.042	3.18217464318271e-11
4.044	3.17431151165953e-11
4.045999999999999	3.1664483801363504e-11
4.048	3.1585852486131675e-11
4.05	3.150722117089988e-11
4.052	3.142884745512057e-11
4.053999999999999	3.1350473739341265e-11
4.056	3.1272100023561926e-11
4.058	3.119372630778262e-11
4.06	3.111535259200331e-11
4.061999999999999	3.103723682255392e-11
4.064	3.095912105310449e-11
4.066	3.0881005283655095e-11
4.068	3.08028895142057e-11
4.069999999999999	3.0724773744756304e-11
4.072	3.0646916297223063e-11
4.074	3.056905884968985e-11
4.076	3.049120140215664e-11
4.077999999999999	3.041334395462343e-11
4.08	3.033548650709018e-11
4.082	3.025788778923861e-11
4.084	3.018028907138704e-11
4.085999999999999	3.010269035353547e-11
4.088	3.002509163568386e-11
4.09	2.994749291783229e-11
4.092	2.9870153373204687e-11
4.093999999999999	2.9792813828577084e-11
4.096	2.971547428394945e-11
4.098	2.9638134739321846e-11
4.1	2.9560795194694243e-11
4.101999999999999	2.948371530633833e-11
4.104	2.9406635417982384e-11
4.106	2.932955552962648e-11
4.108	2.925247564127056e-11
4.109999999999999	2.9175395752914645e-11
4.112	2.909857604724657e-11
4.114	2.902175634157853e-11
4.116	2.8944936635910488e-11
4.117999999999999	2.886811693024245e-11
4.119999999999999	2.8791297224574406e-11
4.122	2.8714738275380784e-11
4.124	2.8638179326187197e-11
4.1259999999999994	2.8561620376993614e-11
4.127999999999999	2.8485061427800027e-11
4.13	2.8408502478606405e-11
4.132	2.833220491118875e-11
4.1339999999999995	2.8255907343771093e-11
4.135999999999999	2.8179609776353437e-11
4.138	2.810331220893575e-11
4.14	2.8027014641518093e-11
4.1419999999999995	2.7950979136983983e-11
4.143999999999999	2.7874943632449873e-11
4.146	2.7798908127915724e-11
4.148	2.7722872623381614e-11
4.1499999999999995	2.7646837118847503e-11
4.151999999999999	2.757106441855302e-11
4.154	2.7495291718258498e-11
4.156	2.7419519017964015e-11
4.1579999999999995	2.7343746317669525e-11
4.159999999999999	2.7267973617375042e-11
4.162	2.7192464527522295e-11
4.164	2.7116955437669585e-11
4.1659999999999995	2.704144634781687e-11
4.167999999999999	2.6965937257964163e-11
4.17	2.6890428168111414e-11
4.172	2.6815183564506015e-11
4.1739999999999995	2.6739938960900613e-11
4.175999999999999	2.6664694357295208e-11
4.178	2.6589449753689774e-11
4.18	2.6514205150084376e-11
4.1819999999999995	2.6439225983056773e-11
4.183999999999999	2.636424681602917e-11
4.186	2.6289267649001537e-11
4.188	2.6214288481973934e-11
4.1899999999999995	2.6139309314946335e-11
4.191999999999999	2.606459661444253e-11
4.194	2.5989883913938697e-11
4.196	2.5915171213434897e-11
4.1979999999999995	2.5840458512931096e-11
4.199999999999999	2.5765745812427295e-11
4.202	2.569130069327276e-11
4.204	2.5616855574118264e-11
4.2059999999999995	2.5542410454963766e-11
4.207999999999999	2.5467965335809268e-11
4.21	2.5393520216654738e-11
4.212	2.5319343883997275e-11
4.2139999999999995	2.524516755133981e-11
4.215999999999999	2.517099121868235e-11
4.218	2.5096814886024854e-11
4.22	2.5022638553367392e-11
4.2219999999999995	2.4948732308302855e-11
4.223999999999999	2.4874826063238318e-11
4.226	2.4800919818173745e-11
4.228	2.4727013573109208e-11
4.2299999999999995	2.4653107328044674e-11
4.231999999999999	2.4579472573431805e-11
4.234	2.4505837818818904e-11
4.236	2.443220306420604e-11
4.2379999999999995	2.4358568309593167e-11
4.239999999999999	2.42849335549803e-11
4.242	2.4211571801449035e-11
4.244	2.4138210047917798e-11
4.2459999999999996	2.4064848294386564e-11
4.247999999999999	2.3991486540855327e-11
4.25	2.391812478732406e-11
4.252	2.384503765948344e-11
4.254	2.377195053164282e-11
4.255999999999999	2.36988634038022e-11
4.258	2.3625776275961548e-11
4.26	2.355268914812093e-11
4.262	2.3479878390971408e-11
4.263999999999999	2.3407067633821894e-11
4.266	2.333425687667234e-11
4.268	2.3261446119522826e-11
4.27	2.3188635362373305e-11
4.271999999999999	2.3116102847930104e-11
4.274	2.3043570333486867e-11
4.276	2.2971037819043663e-11
4.278	2.2898505304600458e-11
4.279999999999999	2.2825972790157257e-11
4.282	2.275372052429019e-11
4.284	2.2681468258423156e-11
4.286	2.2609215992556124e-11
4.287999999999999	2.253696372668909e-11
4.29	2.2464711460822027e-11
4.292	2.2392741590318768e-11
4.294	2.232077171981551e-11
4.295999999999999	2.224880184931225e-11
4.298	2.217683197880896e-11
4.3	2.21048621083057e-11
4.302	2.203317692816457e-11
4.303999999999999	2.1961491748023437e-11
4.306	2.1889806567882273e-11
4.308	2.1818121387741138e-11
4.31	2.1746436207600006e-11
4.311999999999999	2.1675038168560133e-11
4.314	2.1603640129520227e-11
4.316	2.153224209048035e-11
4.318	2.1460844051440474e-11
4.319999999999999	2.13894460124006e-11
4.322	2.1318337728717017e-11
4.324	2.1247229445033465e-11
4.326	2.1176121161349916e-11
4.327999999999999	2.1105012877666365e-11
4.33	2.103390459398278e-11
4.332	2.0963088851455178e-11
4.334	2.0892273108927575e-11
4.335999999999999	2.0821457366399972e-11
4.338	2.0750641623872337e-11
4.34	2.0679825881344737e-11
4.342	2.0609305645609372e-11
4.343999999999999	2.0538785409874014e-11
4.346	2.0468265174138617e-11
4.348	2.0397744938403258e-11
4.35	2.0327224702667893e-11
4.351999999999999	2.0257003127762674e-11
4.354	2.018678155285742e-11
4.356	2.0116559977952198e-11
4.358	2.0046338403046975e-11
4.359999999999999	1.9976116828141753e-11
4.362	1.9906197265361173e-11
4.364	1.9836277702580622e-11
4.366	1.9766358139800074e-11
4.367999999999999	1.9696438577019523e-11
4.37	1.9626519014238943e-11
4.372	1.9556905021285256e-11
4.374	1.9487291028331568e-11
4.3759999999999994	1.941767703537788e-11
4.377999999999999	1.9348063042424193e-11
4.38	1.9278449049470474e-11
4.382	1.9209144399928738e-11
4.3839999999999995	1.9139839750387002e-11
4.385999999999999	1.907053510084527e-11
4.388	1.9001230451303498e-11
4.39	1.8931925801761762e-11
4.3919999999999995	1.886293449491275e-11
4.393999999999999	1.8793943188063734e-11
4.396	1.872495188121469e-11
4.398	1.8655960574365674e-11
4.3999999999999995	1.858696926751666e-11
4.401999999999999	1.851828582251225e-11
4.404	1.844960237750781e-11
4.406	1.83809189325034e-11
4.4079999999999995	1.8312235487498988e-11
4.409999999999999	1.824355204249458e-11
4.412	1.8175174208997995e-11
4.414	1.8106796375501442e-11
4.4159999999999995	1.8038418542004886e-11
4.417999999999999	1.7970040708508333e-11
4.42	1.790166287501175e-11
4.422	1.783359970357527e-11
4.4239999999999995	1.7765536532138787e-11
4.425999999999999	1.769747336070231e-11
4.428	1.7629410189265797e-11
4.43	1.7561347017829317e-11
4.4319999999999995	1.7493607599138628e-11
4.433999999999999	1.7425868180447936e-11
4.436	1.7358128761757212e-11
4.438	1.729038934306652e-11
4.4399999999999995	1.7222649924375828e-11
4.441999999999999	1.7155243389156786e-11
4.444	1.7087836853937715e-11
4.446	1.7020430318718673e-11
4.4479999999999995	1.695302378349963e-11
4.449999999999999	1.688561724828059e-11
4.452	1.6818552767220918e-11
4.454	1.6751488286161278e-11
4.4559999999999995	1.6684423805101635e-11
4.457999999999999	1.6617359324041992e-11
4.46	1.6550294842982323e-11
4.462	1.6483581626668888e-11
4.4639999999999995	1.6416868410355453e-11
4.465999999999999	1.6350155194042018e-11
4.468	1.6283441977728554e-11
4.47	1.6216728761415122e-11
4.4719999999999995	1.6150376060288123e-11
4.473999999999999	1.6084023359161124e-11
4.476	1.6017670658034096e-11
4.478	1.59513179569071e-11
4.4799999999999995	1.5884965255780102e-11
4.481999999999999	1.581898236010502e-11
4.484	1.5752999464429912e-11
4.486	1.5687016568754832e-11
4.4879999999999995	1.5621033673079752e-11
4.489999999999999	1.555505077740467e-11
4.492	1.548944701726347e-11
4.494	1.5423843257122294e-11
4.4959999999999996	1.5358239496981118e-11
4.497999999999999	1.5292635736839945e-11
4.5	1.522703197669874e-11
4.502	1.5161816722001054e-11
4.504	1.5096601467303367e-11
4.505999999999999	1.503138621260568e-11
4.508	1.4966170957907965e-11
4.51	1.490095570321028e-11
4.512	1.4836138363725934e-11
4.513999999999999	1.477132102424159e-11
4.516	1.4706503684757215e-11
4.518	1.464168634527287e-11
4.52	1.4576869005788524e-11
4.521999999999999	1.4512459031202936e-11
4.524	1.444804905661732e-11
4.526	1.4383639082031731e-11
4.528	1.4319229107446145e-11
4.529999999999999	1.4254819132860558e-11
4.532	1.4190826012853922e-11
4.534	1.4126832892847314e-11
4.536	1.4062839772840706e-11
4.537999999999999	1.3998846652834098e-11
4.54	1.3934853532827462e-11
4.542	1.3871286797179515e-11
4.544	1.3807720061531569e-11
4.545999999999999	1.3744153325883621e-11
4.548	1.3680586590235649e-11
4.55	1.3617019854587701e-11
4.552	1.3553889073308968e-11
4.553999999999999	1.3490758292030233e-11
4.556	1.342762751075147e-11
4.558	1.3364496729472735e-11
4.56	1.3301365948194e-11
4.561999999999999	1.323868073168547e-11
4.564	1.3175995515176915e-11
4.566	1.3113310298668385e-11
4.568	1.3050625082159855e-11
4.569999999999999	1.2987939865651327e-11
4.572	1.2925709864893774e-11
4.574	1.2863479864136249e-11
4.576	1.2801249863378725e-11
4.577999999999999	1.27390198626212e-11
4.58	1.2676789861863647e-11
4.582	1.2615024768638216e-11
4.584	1.2553259675412786e-11
4.585999999999999	1.2491494582187352e-11
4.588	1.2429729488961895e-11
4.59	1.2367964395736463e-11
4.592	1.2306673942877999e-11
4.593999999999999	1.2245383490019533e-11
4.596	1.2184093037161038e-11
4.598	1.2122802584302574e-11
4.6	1.2061512131444108e-11
4.601999999999999	1.2000706093128927e-11
4.604	1.193990005481372e-11
4.606	1.1879094016498538e-11
4.608	1.1818287978183358e-11
4.609999999999999	1.1757481939868177e-11
4.612	1.1697170131937694e-11
4.614	1.1636858324007239e-11
4.616	1.1576546516076782e-11
4.617999999999999	1.1516234708146327e-11
4.62	1.1455922900215846e-11
4.622	1.139611518053789e-11
4.624	1.1336307460859935e-11
4.6259999999999994	1.1276499741181981e-11
4.628	1.1216692021504e-11
4.63	1.1156884301826044e-11
4.632	1.1097590570695024e-11
4.6339999999999995	1.1038296839564004e-11
4.635999999999999	1.0979003108432984e-11
4.638	1.0919709377301938e-11
4.64	1.0860415646170916e-11
4.6419999999999995	1.0801645846748575e-11
4.643999999999999	1.0742876047326235e-11
4.646	1.068410624790387e-11
4.648	1.062533644848153e-11
4.6499999999999995	1.056656664905919e-11
4.651999999999999	1.0508330767857356e-11
4.654	1.0450094886655496e-11
4.656	1.0391859005453663e-11
4.6579999999999995	1.0333623124251828e-11
4.659999999999999	1.0275387243049995e-11
4.662	1.021769531045646e-11
4.664	1.0160003377862948e-11
4.6659999999999995	1.0102311445269439e-11
4.667999999999999	1.0044619512675927e-11
4.67	9.986927580082392e-12
4.672	9.929789670931109e-12
4.6739999999999995	9.872651761779827e-12
4.675999999999999	9.815513852628546e-12
4.678	9.758375943477238e-12
4.68	9.701238034325955e-12
4.6819999999999995	9.644664268512138e-12
4.683999999999999	9.588090502698322e-12
4.686	9.531516736884481e-12
4.688	9.474942971070664e-12
4.6899999999999995	9.418369205256848e-12
4.691999999999999	9.362369748398194e-12
4.694	9.306370291539514e-12
4.696	9.25037083468086e-12
4.6979999999999995	9.194371377822205e-12
4.699999999999999	9.138371920963552e-12
4.702	9.082956985091638e-12
4.704	9.027542049219752e-12
4.7059999999999995	8.972127113347864e-12
4.707999999999999	8.916712177475977e-12
4.71	8.861297241604065e-12
4.712	8.806477085978698e-12
4.7139999999999995	8.75165693035333e-12
4.715999999999999	8.696836774727963e-12
4.718	8.642016619102571e-12
4.72	8.587196463477204e-12
4.7219999999999995	8.53298139528662e-12
4.723999999999999	8.478766327096039e-12
4.726	8.424551258905433e-12
4.728	8.370336190714852e-12
4.7299999999999995	8.31612112252427e-12
4.731999999999999	8.262521497790172e-12
4.734	8.208921873056047e-12
4.736	8.155322248321946e-12
4.7379999999999995	8.101722623587846e-12
4.739999999999999	8.048122998853747e-12
4.742	7.995149223292244e-12
4.744	7.942175447730767e-12
4.7459999999999996	7.88920167216929e-12
4.747999999999999	7.836227896607812e-12
4.75	7.783254121046311e-12
4.752	7.73091665098101e-12
4.754	7.67857918091571e-12
4.755999999999999	7.62624171085041e-12
4.758	7.573904240785085e-12
4.76	7.521566770719784e-12
4.762	7.469876114023483e-12
4.763999999999999	7.418185457327182e-12
4.766	7.366494800630858e-12
4.768	7.314804143934555e-12
4.77	7.2631134872382544e-12
4.771999999999999	7.212080204295117e-12
4.774	7.161046921351956e-12
4.776	7.110013638408818e-12
4.778	7.0589803554656796e-12
4.779999999999999	7.0079470725225425e-12
4.782	6.9575817771996455e-12
4.784	6.90721648187677e-12
4.786	6.856851186553894e-12
4.787999999999999	6.806485891231019e-12
4.79	6.756120595908122e-12
4.792	6.706433956521446e-12
4.794	6.656747317134769e-12
4.795999999999999	6.607060677748092e-12
4.798	6.557374038361394e-12
4.8	6.5076873989747175e-12
4.802	6.458690139230778e-12
4.803999999999999	6.409692879486839e-12
4.806	6.360695619742879e-12
4.808	6.311698359998939e-12
4.81	6.262701100255e-12
4.811999999999999	6.214404000143202e-12
4.814	6.166106900031383e-12
4.816	6.1178097999195854e-12
4.818	6.069512699807788e-12
4.819999999999999	6.0212155996959905e-12
4.822	5.973629496300096e-12
4.824	5.926043392904222e-12
4.826	5.8784572895083485e-12
4.827999999999999	5.830871186112475e-12
4.83	5.78328508271658e-12
4.832	5.736420870903963e-12
4.834	5.689556659091344e-12
4.835999999999999	5.642692447278726e-12
4.838	5.595828235466086e-12
4.84	5.548964023653469e-12
4.842	5.5028326565897576e-12
4.843999999999999	5.456701289526046e-12
4.846	5.410569922462315e-12
4.848	5.364438555398604e-12
4.85	5.318307188334892e-12
4.851999999999999	5.272919677756225e-12
4.854	5.227532167177537e-12
4.856	5.182144656598869e-12
4.858	5.136757146020201e-12
4.859999999999999	5.091369635441533e-12
4.862	5.0467370515976096e-12
4.864	5.002104467753706e-12
4.866	4.9574718839098024e-12
4.867999999999999	4.912839300065898e-12
4.87	4.868206716221974e-12
4.872	4.824340187377661e-12
4.874	4.780473658533347e-12
4.8759999999999994	4.736607129689033e-12
4.878	4.692740600844701e-12
4.88	4.648874072000386e-12
4.882	4.605784783350934e-12
4.8839999999999995	4.56269549470148e-12
4.885999999999999	4.519606206052028e-12
4.888	4.4765169174025555e-12
4.89	4.4334276287531025e-12
4.8919999999999995	4.391126820565763e-12
4.893999999999999	4.348826012378425e-12
4.896	4.306525204191067e-12
4.898	4.264224396003728e-12
4.8999999999999995	4.221923587816389e-12
4.901999999999999	4.180422552553222e-12
4.904	4.138921517290037e-12
4.906	4.097420482026869e-12
4.9079999999999995	4.055919446763702e-12
4.909999999999999	4.014418411500535e-12
4.912	3.973728489602714e-12
4.914	3.933038567704912e-12
4.9159999999999995	3.8923486458071104e-12
4.917999999999999	3.851658723909308e-12
4.92	3.810968802011488e-12
4.922	3.771101375923403e-12
4.9239999999999995	3.731233949835318e-12
4.925999999999999	3.691366523747234e-12
4.928	3.651499097659131e-12
4.93	3.6116316715710457e-12
4.9319999999999995	3.5725981574446943e-12
4.933999999999999	3.5335646433183424e-12
4.936	3.4945311291919727e-12
4.938	3.4554976150656212e-12
4.9399999999999995	3.4164641009392693e-12
4.941999999999999	3.378275937272623e-12
4.944	3.3400877736059604e-12
4.946	3.3018996099393143e-12
4.9479999999999995	3.263711446272668e-12
4.949999999999999	3.2255232826060223e-12
4.952	3.1881919148082655e-12
4.954	3.150860547010526e-12
4.9559999999999995	3.1135291792127863e-12
4.957999999999999	3.076197811415047e-12
4.96	3.0388664436172905e-12
4.962	3.00240330313025e-12
4.9639999999999995	2.965940162643209e-12
4.965999999999999	2.9294770221561685e-12
4.968	2.8930138816691116e-12
4.97	2.8565507411820713e-12
4.9719999999999995	2.820967217281079e-12
4.973999999999999	2.785383693380088e-12
4.976	2.74980016947908e-12
4.978	2.7142166455780885e-12
4.9799999999999995	2.6786331216770964e-12
4.981999999999999	2.6439405233213836e-12
4.984	2.609247924965655e-12
4.986	2.5745553266099427e-12
4.9879999999999995	2.539862728254229e-12
4.989999999999999	2.5051701298985167e-12
4.992	2.47137963393111e-12
4.994	2.437589137963718e-12
4.9959999999999996	2.403798641996327e-12
4.997999999999999	2.370008146028936e-12
5.	2.33621765006153e-12
5.002	2.3033402305159456e-12
5.004	2.270462810970361e-12
5.005999999999999	2.2375853914247766e-12
5.008	2.2047079718791774e-12
5.01	2.171830552333593e-12
5.012	2.1398768831061077e-12
5.013999999999999	2.1079232138786225e-12
5.016	2.0759695446511232e-12
5.018	2.0440158754236377e-12
5.02	2.0120622061961526e-12
5.021999999999999	1.9810425257506862e-12
5.024	1.9500228453052062e-12
5.026	1.91900316485974e-12
5.028	1.8879834844142736e-12
5.029999999999999	1.8569638039688073e-12
5.032	1.826885462324653e-12
5.034	1.7968071206805124e-12
5.036	1.7667287790363714e-12
5.037999999999999	1.7366504373922308e-12
5.04	1.7065720957480764e-12
5.042	1.6774177074188264e-12
5.044	1.6482633190895764e-12
5.045999999999999	1.6191089307603266e-12
5.048	1.5899545424310636e-12
5.05	1.5608001541018136e-12
5.052	1.5325680662104031e-12
5.053999999999999	1.5043359783189925e-12
5.056	1.4761038904275693e-12
5.058	1.4478718025361586e-12
5.06	1.419639714644748e-12
5.061999999999999	1.3923419500753738e-12
5.064	1.3650441855059872e-12
5.066	1.3377464209366128e-12
5.068	1.3104486563672385e-12
5.069999999999999	1.283150891797864e-12
5.072	1.2567965984424945e-12
5.074	1.2304423050871366e-12
5.076	1.2040880117317789e-12
5.077999999999999	1.1777337183764211e-12
5.08	1.1513794250210515e-12
5.082	1.1259734420834272e-12
5.084	1.1005674591458028e-12
5.085999999999999	1.0751614762081781e-12
5.088	1.0497554932705426e-12
5.09	1.0243495103329182e-12
5.092	9.998900306149261e-13
5.093999999999999	9.75430550896934e-13
5.096	9.50971071178931e-13
5.098	9.265115914609388e-13
5.1	9.020521117429467e-13
5.101999999999999	8.785266778206314e-13
5.104	8.550012438983056e-13
5.106	8.314758099759902e-13
5.108	8.079503760536747e-13
5.109999999999999	7.844249421313594e-13
5.112	7.618031520981814e-13
5.114	7.391813620650135e-13
5.116	7.165595720318456e-13
5.117999999999999	6.939377819986777e-13
5.12	6.713159919654997e-13
5.122	6.495351002047018e-13
5.124	6.277542084439038e-13
5.1259999999999994	6.05973316683106e-13
5.128	5.841924249222984e-13
5.13	5.624115331615004e-13
5.132	5.413447443614694e-13
5.1339999999999995	5.202779555614384e-13
5.136	4.99211166761398e-13
5.138	4.781443779613671e-13
5.14	4.57077589161336e-13
5.1419999999999995	4.364521772297768e-13
5.143999999999999	4.1582676529821737e-13
5.146	3.952013533666488e-13
5.148	3.745759414350895e-13
5.1499999999999995	3.5395052950353014e-13
5.151999999999999	3.330729878648148e-13
5.154	3.121954462260901e-13
5.156	2.913179045873747e-13
5.1579999999999995	2.7044036294865937e-13
5.159999999999999	2.49562821309944e-13
5.162	2.256820137193495e-13
5.164	2.0180120612876424e-13
5.1659999999999995	1.7792039853817901e-13
5.167999999999999	1.5403959094759376e-13
5.17	1.3015878335699795e-13
5.172	1.0412702668560067e-13
5.1739999999999995	7.809527001420338e-14
5.175999999999999	5.2063513342806114e-14
5.178	2.6031756671397276e-14
5.18	0.
5.1819999999999995	0.
5.183999999999999	0.
5.186	0.
5.188	0.
5.1899999999999995	0.
5.191999999999999	0.
5.194	0.
5.196	0.
5.1979999999999995	0.
5.199999999999999	0.
5.202	0.
5.204	0.
5.2059999999999995	0.
5.207999999999999	0.
5.21	0.
5.212	0.
5.2139999999999995	0.
5.215999999999999	0.
5.218	0.
5.22	0.
5.2219999999999995	0.
5.223999999999999	0.
5.226	0.
5.228	0.
5.2299999999999995	0.
5.231999999999999	0.
5.234	0.
5.236	0.
5.2379999999999995	0.
5.239999999999999	0.
5.242	0.
5.244	0.
5.2459999999999996	0.
5.247999999999999	0.
5.25	0.
5.252	0.
5.254	0.
5.255999999999999	0.
5.258	0.
5.26	0.
5.262	0.
5.263999999999999	0.
5.266	0.
5.268	0.
5.27	0.