0.020000000000000004	0.005681597654740339
0.022000000000000006	0.005553057717370437
0.024000000000000004	0.005426668860932203
0.026000000000000002	0.00530216466903087
0.028000000000000004	0.005179337276398081
0.030000000000000006	0.0050579109847561365
0.032	0.0049377930188330334
0.034	0.0048188312947723775
0.036000000000000004	0.004700901765773277
0.038000000000000006	0.004583935715218455
0.04000000000000001	0.004467826083184454
0.042	0.004352508131571227
0.044000000000000004	0.004237921293652066
0.046000000000000006	0.004123989610379033
0.048	0.004010670154933014
0.05	0.0038979104389283243
0.052000000000000005	0.0038407689796748712
0.054000000000000006	0.0037844040646086933
0.05600000000000001	0.003728748295784359
0.058	0.003673733962547529
0.060000000000000005	0.0036192995629779913
0.062000000000000006	0.0035654083112579625
0.064	0.0035119972011204382
0.066	0.00345902915017396
0.068	0.0034064754898927353
0.07	0.003354284271683522
0.07200000000000001	0.0033024407006642543
0.07400000000000001	0.00325091048757903
0.07600000000000001	0.0031996559190748436
0.07800000000000001	0.003148685564778113
0.08	0.003097948241477745
0.082	0.003047430025583648
0.084	0.0029971336913366146
0.08600000000000001	0.0029470153601275383
0.08800000000000001	0.0028970821217220214
0.09000000000000001	0.002847318175124993
0.09200000000000001	0.0027976940968614415
0.094	0.0027482348208703565
0.096	0.002698901879038934
0.098	0.0026496882352948
0.1	0.002600614541923611
0.10200000000000001	0.0025786625090168484
0.10400000000000001	0.002556897946655318
0.10600000000000001	0.0025353117321512
0.108	0.002513871909355363
0.11	0.0024926051059117045
0.112	0.0024714768908247146
0.114	0.002450476241051237
0.116	0.0024296305793820847
0.11800000000000001	0.002408894488750599
0.12000000000000001	0.002388281257263241
0.12200000000000001	0.00236779176839844
0.12400000000000001	0.0023473958896995765
0.126	0.002327121680264996
0.128	0.002306943369242542
0.13	0.0022868483557709346
0.132	0.0022668709197912955
0.134	0.002246966886194023
0.136	0.002227148849623052
0.138	0.0022074242952583277
0.14	0.002187763749046343
0.14200000000000002	0.002168193073294975
0.14400000000000002	0.0021486938783490685
0.14600000000000002	0.002129251028238875
0.14800000000000002	0.002109902213604108
0.15000000000000002	0.0020906049972660057
0.15200000000000002	0.0020713698492069955
0.15400000000000003	0.0020522089201308958
0.15600000000000003	0.002033093643726051
0.15800000000000003	0.0020140463612716704
0.16000000000000003	0.0019950551284056857
0.16200000000000003	0.001976104477211006
0.16400000000000003	0.0019572277034585507
0.16599999999999998	0.0019383903714865036
0.16799999999999998	0.0019195986163198907
0.16999999999999998	0.001900867701727092
0.172	0.0018821704554136042
0.174	0.0018635253177486794
0.176	0.0018449257367720404
0.178	0.0018263564121027383
0.18	0.001807845310259686
0.182	0.001789365843391797
0.184	0.001770920163178282
0.186	0.0017525253156911319
0.188	0.001734155988273414
0.19	0.0017158268350192507
0.192	0.0016975355895532949
0.194	0.0016792674863935569
0.196	0.00166104534746069
0.198	0.001642849412118354
0.2	0.0016246786482675404
0.202	0.0016065507643680285
0.20400000000000001	0.0015884426720700036
0.20600000000000002	0.0015703656116465344
0.20800000000000002	0.001552320525108581
0.21000000000000002	0.001534293523707579
0.21200000000000002	0.0015163027491815796
0.21400000000000002	0.0014983341417727605
0.21600000000000003	0.001480384344159438
0.21800000000000003	0.0014624708207139501
0.22000000000000003	0.0014445729467910424
0.22200000000000003	0.001426699038951137
0.22400000000000003	0.001408852263498695
0.22600000000000003	0.0013910198819203003
0.22800000000000004	0.0013732159551800873
0.22999999999999998	0.0013554310029587147
0.23199999999999998	0.0013376601534667648
0.23399999999999999	0.0013199199319400313
0.236	0.00130219229236838
0.238	0.0012844831499888576
0.24	0.0012667970442587094
0.242	0.0012491225765047828
0.244	0.0012314703695952005
0.246	0.0012138344790644346
0.248	0.0011962093741080314
0.25	0.0011786096947355375
0.252	0.0011725308447325092
0.254	0.001166471311365452
0.256	0.0011604361496428894
0.258	0.0011544152522209412
0.26	0.0011484162846832548
0.262	0.0011424357745235306
0.264	0.0011364684460409625
0.266	0.0011305251754138148
0.268	0.001124595202782259
0.27	0.001118680200196215
0.272	0.0011127853964783847
0.274	0.0011069021951020214
0.276	0.001101036068205923
0.278	0.0010951854139458692
0.28	0.0010893455307996469
0.28200000000000003	0.0010835243976905864
0.28400000000000003	0.0010777146474586425
0.28600000000000003	0.0010719165856552203
0.28800000000000003	0.0010661352094714657
0.29000000000000004	0.0010603633825553875
0.29200000000000004	0.0010546048827267506
0.29400000000000004	0.00104885933724887
0.29600000000000004	0.0010431226932140461
0.29800000000000004	0.0010374006482825164
0.30000000000000004	0.001031688355955514
0.30200000000000005	0.0010259852837284482
0.30400000000000005	0.0010202959294465402
0.30600000000000005	0.0010146145178754685
0.30800000000000005	0.0010089435583380093
0.31	0.0010032834113940657
0.312	0.0009976306954865097
0.314	0.0009919893592784832
0.316	0.0009863563640771012
0.318	0.0009807307392469405
0.32	0.0009751163321322793
0.322	0.0009695085941934987
0.324	0.0009639091167496678
0.326	0.0009583186292032031
0.328	0.0009527344018178795
0.33	0.0009471590796725072
0.332	0.0009415908687020485
0.334	0.0009360286447484168
0.336	0.0009304755472787126
0.338	0.0009249280976124882
0.34	0.0009193872476344529
0.342	0.0009138538441024062
0.34400000000000003	0.0009083257578605315
0.34600000000000003	0.0009028046918980144
0.34800000000000003	0.0008972896678667171
0.35000000000000003	0.0008917796552075792
0.35200000000000004	0.0008862769174269331
0.35400000000000004	0.0008807790601599945
0.35600000000000004	0.0008752865488990967
0.35800000000000004	0.0008698001890341584
0.36000000000000004	0.000864318379442149
0.36200000000000004	0.0008588421653956011
0.36400000000000005	0.0008533710708933624
0.36600000000000005	0.0008479042761529532
0.36800000000000005	0.0008424432029731276
0.37000000000000005	0.0008369864029455298
0.372	0.0008315340030033853
0.374	0.00082608668078628
0.376	0.0008206432790843004
0.378	0.0008152044019054525
0.38	0.0008097698576348316
0.382	0.0008043390269538625
0.384	0.0007989127569117154
0.386	0.0007934902127811913
0.388	0.0007880713517810207
0.39	0.0007826566904393881
0.392	0.0007772454281626159
0.394	0.0007718378865349578
0.396	0.000766434015822161
0.398	0.0007610333718871109
0.4	0.0007556364259715772
0.402	0.0007502427216329009
0.404	0.0007448521511077444
0.406	0.0007394650721560607
0.40800000000000003	0.0007340809571371989
0.41000000000000003	0.0007286999570016902
0.41200000000000003	0.0007233220781810363
0.41400000000000003	0.0007179470187932196
0.41600000000000004	0.000712575016898472
0.41800000000000004	0.0007072058353596551
0.42000000000000004	0.0007018393593594834
0.42200000000000004	0.0006964758112469496
0.42400000000000004	0.0006911148613614536
0.42600000000000005	0.0006857565648937265
0.42800000000000005	0.0006804009389536526
0.43000000000000005	0.0006750477892250989
0.43200000000000005	0.0006696972182831928
0.43400000000000005	0.0006643491069880398
0.43600000000000005	0.0006590033596169556
0.438	0.0006536600957823457
0.44	0.000648319120782578
0.442	0.0006429804412362358
0.444	0.0006376440657298605
0.446	0.0006323098753824467
0.448	0.0006269779005927854
0.45	0.0006216480802085874
0.452	0.0006163203473021232
0.454	0.0006109947430939986
0.456	0.0006056711673861855
0.458	0.0006003496027117431
0.46	0.0005950300451685595
0.462	0.0005897124244981176
0.464	0.0005843967371630458
0.466	0.000579082947691513
0.468	0.0005737710114370411
0.47000000000000003	0.0005684609292460945
0.47200000000000003	0.0005631526499919721
0.47400000000000003	0.0005578461496864546
0.47600000000000003	0.0005525414151014924
0.47800000000000004	0.0005472384044098184
0.48000000000000004	0.000541937101171703
0.48200000000000004	0.0005366374803348312
0.48400000000000004	0.000531339511368885
0.48600000000000004	0.000526043179652277
0.48800000000000004	0.000520748455446847
0.49000000000000005	0.0005154553160021744
0.49200000000000005	0.000510163743736937
0.49400000000000005	0.0005048737117260458
0.49600000000000005	0.000499585200746037
0.49800000000000005	0.0004942981901885918
0.5	0.0004890126575728045
0.502	0.0004869976786373338
0.504	0.00048498469826118557
0.506	0.000482973686711687
0.508	0.0004809646161452297
0.51	0.000478957457102684
0.512	0.0004769521820691554
0.514	0.0004749487638612577
0.516	0.00047294717532294684
0.518	0.0004709473903789363
0.52	0.000468949383071228
0.522	0.00046695312798004533
0.524	0.0004649586003154802
0.526	0.00046296577552262536
0.528	0.0004609746296062692
0.53	0.00045898513899488615
0.532	0.00045699728050300976
0.534	0.00045501103138332965
0.536	0.0004530263692806167
0.538	0.0004510432722323693
0.54	0.00044906171866370754
0.542	0.000447081687373468
0.544	0.00044510315752963335
0.546	0.000443126108660257
0.548	0.0004411505206461926
0.55	0.00043917637371368483
0.552	0.00043720364842721166
0.554	0.0004352323256824996
0.556	0.0004332623866997092
0.558	0.0004312938130167836
0.56	0.00042932658648295655
0.562	0.0004273606892524161
0.5640000000000001	0.0004253961037781198
0.5660000000000001	0.0004234328128057552
0.5680000000000001	0.00042147079936784445
0.5700000000000001	0.00041951004677798784
0.5720000000000001	0.00041755053862524205
0.5740000000000001	0.0004155922587686297
0.5760000000000001	0.00041363519133177863
0.5780000000000001	0.00041167932069768377
0.5800000000000001	0.0004097246315035916
0.5820000000000001	0.0004077711086360026
0.5840000000000001	0.0004058187372257881
0.5860000000000001	0.0004038675026434198
0.5880000000000001	0.0004019173904943079
0.5900000000000001	0.0003999683866142459
0.5920000000000001	0.0003980204770649576
0.5940000000000001	0.00039607364812974674
0.5960000000000001	0.0003941278863092428
0.598	0.00039218317831724367
0.6	0.0003902395110766509
0.602	0.0003882968717154958
0.604	0.000386355247563054
0.606	0.0003844146261460465
0.608	0.00038247499518492345
0.61	0.00038053634259023136
0.612	0.00037859865645905927
0.614	0.0003766619250715629
0.616	0.00037472613688756403
0.618	0.0003727912805432251
0.62	0.0003708573448477946
0.622	0.00036892431878042347
0.624	0.00036699219148704986
0.626	0.0003650609522773512
0.628	0.0003631305906217605
0.63	0.00036120109614854725
0.632	0.00035927245864096006
0.634	0.0003573446680344298
0.636	0.0003554177144138318
0.638	0.00035349158801080616
0.64	0.0003515662792011334
0.642	0.0003496417785021664
0.644	0.0003477180765703145
0.646	0.0003457951641985807
0.648	0.0003438730323141505
0.65	0.000341951671976029
0.652	0.00034003107437272827
0.654	0.0003381112308200014
0.656	0.0003361921327586234
0.658	0.00033427377175221677
0.66	0.0003323561394851222
0.662	0.0003304392277603122
0.664	0.00032852302849734614
0.666	0.0003266075337303681
0.668	0.00032469273560614383
0.67	0.00032277862638213726
0.672	0.00032086519842462584
0.674	0.00031895244420685343
0.676	0.00031704035630721923
0.678	0.0003151289274075038
0.68	0.00031321815029112897
0.682	0.0003113080178414527
0.684	0.0003093985230400975
0.686	0.0003074896589653111
0.6880000000000001	0.00030558141879035946
0.6900000000000001	0.00030367379578195137
0.6920000000000001	0.00030176678329869297
0.6940000000000001	0.00029986037478957274
0.6960000000000001	0.00029795456379247556
0.6980000000000001	0.00029604934393272567
0.7000000000000001	0.0002941447089216565
0.7020000000000001	0.00029224065255520977
0.7040000000000001	0.0002903371687125598
0.7060000000000001	0.0002884342513547641
0.7080000000000001	0.0002865318945234406
0.7100000000000001	0.0002846300923394693
0.7120000000000001	0.0002827288390017176
0.7140000000000001	0.00028082812878579144
0.7160000000000001	0.00027892795604280845
0.7180000000000001	0.00027702831519819444
0.7200000000000001	0.00027512920075050236
0.7220000000000001	0.0002732306072702537
0.724	0.0002713325293988007
0.726	0.0002694349618472098
0.728	0.00026753789939516634
0.73	0.0002656413368898984
0.732	0.0002637452692451213
0.734	0.0002618496914400008
0.736	0.0002599545985181355
0.738	0.0002580599855865582
0.74	0.0002561658478147543
0.742	0.000254272180433699
0.744	0.0002523789787349117
0.746	0.0002504862380695268
0.748	0.00024859395384738207
0.75	0.00024670212153612303
0.752	0.0002457982574869801
0.754	0.0002448949937361712
0.756	0.00024399232381885373
0.758	0.00024309024135665697
0.76	0.0002421887400563018
0.762	0.0002412878137082454
0.764	0.00024038745618535086
0.766	0.00023948766144158182
0.768	0.00023858842351072082
0.77	0.00023768973650511118
0.772	0.00023679159461442194
0.774	0.0002358939921044358
0.776	0.00023499692331585797
0.778	0.00023410038266314818
0.78	0.0002332043646333727
0.782	0.00023230886378507732
0.784	0.00023141387474718138
0.786	0.00023051939221789073
0.788	0.0002296254109636305
0.79	0.00022873192581799746
0.792	0.00022783893168073038
0.794	0.00022694642351669896
0.796	0.00022605439635491102
0.798	0.00022516284528753688
0.8	0.00022427176546895093
0.802	0.00022338115211479072
0.804	0.00022249100050103165
0.806	0.0002216013059630787
0.808	0.0002207120638948737
0.81	0.00021982326974801812
0.812	0.0002189349190309112
0.8140000000000001	0.0002180470073079032
0.8160000000000001	0.0002171595301984631
0.8180000000000001	0.00021627248337636066
0.8200000000000001	0.00021538586256886295
0.8220000000000001	0.00021449966355594415
0.8240000000000001	0.00021361388216950932
0.8260000000000001	0.00021272851429263143
0.8280000000000001	0.00021184355585880093
0.8300000000000001	0.00021095900285118897
0.8320000000000001	0.0002100748513019222
0.8340000000000001	0.00020919109729137058
0.8360000000000001	0.0002083077369474468
0.8380000000000001	0.00020742476644491778
0.8400000000000001	0.00020654218200472755
0.8420000000000001	0.00020565997989333167
0.8440000000000001	0.0002047781564220426
0.8460000000000001	0.00020389670794638623
0.8480000000000001	0.00020301563086546915
0.8500000000000001	0.00020213492162135597
0.8520000000000001	0.00020125457669845762
0.854	0.00020037459262292956
0.856	0.00019949496596207935
0.858	0.0001986156933237851
0.86	0.00019773677135592242
0.862	0.00019685819674580143
0.864	0.00019597996621961266
0.866	0.0001951020765418821
0.868	0.00019422452451493518
0.87	0.00019334730697836917
0.872	0.00019247042080853472
0.874	0.00019159386291802511
0.876	0.00019071763025517416
0.878	0.00018984171980356227
0.88	0.00018896612858152988
0.882	0.00018809085364169942
0.884	0.0001872158920705045
0.886	0.00018634124098772657
0.888	0.00018546689754603914
0.89	0.00018459285893055927
0.892	0.00018371912235840587
0.894	0.0001828456850782653
0.896	0.00018197254436996387
0.898	0.0001810996975440465
0.9	0.00018022714194136272
0.902	0.00017935487493265883
0.904	0.00017848289391817634
0.906	0.00017761119632725674
0.908	0.00017673977961795275
0.91	0.00017586864127664488
0.912	0.00017499777881766485
0.914	0.00017412718978292413
0.916	0.0001732568717415483
0.918	0.00017238682228951758
0.92	0.00017151703904931214
0.922	0.00017064751966956336
0.924	0.00016977826182471025
0.926	0.00016890926321466124
0.928	0.00016804052156446062
0.93	0.00016717203462396102
0.932	0.00016630380016749988
0.934	0.00016543581599358123
0.936	0.00016456807992456252
0.9380000000000001	0.0001637005898063457
0.9400000000000001	0.0001628333435080732
0.9420000000000001	0.00016196633892182844
0.9440000000000001	0.00016109957396234095
0.9460000000000001	0.0001602330465666955
0.9480000000000001	0.00015936675469404609
0.9500000000000001	0.0001585006963253339
0.9520000000000001	0.0001576348694630092
0.9540000000000001	0.000156769272130758
0.9560000000000001	0.0001559039023732323
0.9580000000000001	0.00015503875825578423
0.9600000000000001	0.00015417383786420447
0.9620000000000001	0.00015330913930446433
0.9640000000000001	0.00015244466070246152
0.9660000000000001	0.0001515804002037698
0.9680000000000001	0.00015071635597339213
0.9700000000000001	0.00014985252619551767
0.9720000000000001	0.00014898890907328208
0.9740000000000001	0.0001481255028285313
0.9760000000000001	0.00014726230570158888
0.9780000000000001	0.00014639931595102667
0.98	0.00014553653185343874
0.982	0.00014467395170321843
0.984	0.00014381157381233894
0.986	0.00014294939651013697
0.988	0.000142087418143099
0.99	0.0001412256370746514
0.992	0.00014036405168495273
0.994	0.00013950266037068975
0.996	0.00013864146154487575
0.998	0.00013778045363665192
1.	0.00013691963509109174
1.002	0.00013648084924481238
1.004	0.00013604231010813197
1.006	0.00013560401550036943
1.008	0.00013516596326440127
1.01	0.00013472815126636085
1.012	0.00013429057739534228
1.014	0.00013385323956310874
1.016	0.00013341613570380475
1.018	0.00013297926377367302
1.02	0.0001325426217507752
1.022	0.00013210620763471674
1.024	0.00013167001944637592
1.026	0.00013123405522763636
1.028	0.00013079831304112392
1.03	0.0001303627909699473
1.032	0.00012992748711744196
1.034	0.0001294923996069182
1.036	0.00012905752658141275
1.038	0.00012862286620344372
1.04	0.00012818841665476933
1.042	0.00012775417613614988
1.044	0.0001273201428671132
1.046	0.00012688631508572348
1.048	0.00012645269104835324
1.05	0.00012601926902945873
1.052	0.00012558604732135827
1.054	0.00012515302423401407
1.056	0.0001247201980948166
1.058	0.00012428756724837265
1.06	0.00012385513005629567
1.062	0.0001234228848969997
1.064	0.00012299083016549563
1.066	0.00012255896427319074
1.068	0.00012212728564769078
1.07	0.00012169579273260483
1.072	0.00012126448398735292
1.074	0.00012083335788697639
1.076	0.0001204024129219507
1.078	0.00011997164759800093
1.08	0.00011954106043591987
1.082	0.00011911064997138844
1.084	0.00011868041475479875
1.086	0.00011825035335107958
1.088	0.00011782046433952409
1.09	0.00011739074631361995
1.092	0.000116961197880882
1.094	0.00011653181766268687
1.096	0.00011610260429410985
1.098	0.0001156735564237644
1.1	0.00011524467271364337
1.102	0.00011481595183896247
1.104	0.00011438739248800598
1.106	0.00011395899336197454
1.108	0.00011353075317483475
1.11	0.00011310267065317103
1.112	0.00011267474453603943
1.114	0.00011224697357482324
1.116	0.00011181935653309067
1.118	0.00011139189218645448
1.12	0.00011096457932243315
1.122	0.00011053741674031437
1.124	0.00011011040325101991
1.1260000000000001	0.00010968353767697262
1.1280000000000001	0.00010925681885196479
1.1300000000000001	0.00010883024562102872
1.1320000000000001	0.00010840381684030865
1.1340000000000001	0.00010797753137693433
1.1360000000000001	0.00010755138810889661
1.1380000000000001	0.00010712538592492434
1.1400000000000001	0.00010669952372436291
1.1420000000000001	0.00010627380041705447
1.1440000000000001	0.00010584821492321979
1.1460000000000001	0.0001054227661733413
1.1480000000000001	0.0001049974531080481
1.1500000000000001	0.0001045722746780021
1.1520000000000001	0.0001041472298437859
1.1540000000000001	0.0001037223175757918
1.1560000000000001	0.0001032975368541127
1.1580000000000001	0.0001028728866684338
1.1600000000000001	0.00010244836601792631
1.1620000000000001	0.00010202397391114208
1.1640000000000001	0.00010159970936590978
1.1660000000000001	0.00010117557140923227
1.1680000000000001	0.00010075155907718555
1.1700000000000002	0.00010032767141481856
1.1720000000000002	0.00009990390747605475
1.174	0.00009948026632359449
1.176	0.00009905674702881879
1.178	0.00009863334867169465
1.18	0.00009821007034068095
1.182	0.000097786911132636
1.184	0.0000973638701527261
1.186	0.00009694094651433517
1.188	0.00009651813933897571
1.19	0.0000960954477562007
1.192	0.00009567287090351655
1.194	0.00009525040792629749
1.196	0.00009482805797770054
1.198	0.00009440582021858191
1.2	0.00009398369381741426
1.202	0.00009356167795020503
1.204	0.00009313977180041575
1.206	0.00009271797455888243
1.208	0.00009229628542373684
1.21	0.00009187470360032879
1.212	0.00009145322830114938
1.214	0.00009103185874575516
1.216	0.00009061059416069324
1.218	0.00009018943377942734
1.22	0.00008976837684226468
1.222	0.00008934742259628381
1.224	0.00008892657029526335
1.226	0.00008850581919961142
1.228	0.00008808516857629615
1.23	0.00008766461769877698
1.232	0.00008724416584693663
1.234	0.00008682381230701404
1.236	0.0000864035563715382
1.238	0.00008598339733926245
1.24	0.00008556333451509994
1.242	0.00008514336721005966
1.244	0.00008472349474118325
1.246	0.0000843037164314826
1.248	0.00008388403160987825
1.25	0.00008346443961113832
1.252	0.0000830449397758185
1.254	0.00008262553145020237
1.256	0.0000822062139862427
1.258	0.00008178698674150343
1.26	0.0000813678490791021
1.262	0.00008094880036765331
1.264	0.00008052983998121254
1.266	0.00008011096729922073
1.268	0.00007969218170644969
1.27	0.00007927348259294779
1.272	0.00007885486935398667
1.274	0.00007843634139000827
1.276	0.00007801789810657267
1.278	0.00007759953891430636
1.28	0.00007718126322885137
1.282	0.00007676307047081475
1.284	0.00007634496006571876
1.286	0.00007592693144395151
1.288	0.00007550898404071841
1.29	0.00007509111729599393
1.292	0.00007467333065447398
1.294	0.00007425562356552909
1.296	0.00007383799548315762
1.298	0.00007342044586594
1.3	0.00007300297417699331
1.302	0.0000727653330444041
1.304	0.00007252778888317218
1.306	0.00007229034098041452
1.308	0.00007205298862956929
1.31	0.00007181573113033031
1.312	0.00007157856778858234
1.314	0.00007134149791633687
1.316	0.00007110452083166884
1.318	0.0000708676358586542
1.32	0.00007063084232730801
1.322	0.00007039413957352341
1.324	0.00007015752693901118
1.326	0.00006992100377124021
1.328	0.00006968456942337846
1.33	0.00006944822325423475
1.332	0.00006921196462820109
1.334	0.00006897579291519594
1.336	0.00006873970749060784
1.338	0.00006850370773523986
1.34	0.00006826779303525464
1.342	0.0000680319627821202
1.344	0.00006779621637255612
1.346	0.00006756055320848057
1.348	0.00006732497269695787
1.35	0.00006708947425014673
1.352	0.00006685405728524887
1.354	0.00006661872122445847
1.356	0.00006638346549491214
1.358	0.00006614828952863938
1.36	0.00006591319276251368
1.362	0.00006567817463820416
1.364	0.00006544323460212782
1.366	0.00006520837210540221
1.368	0.00006497358660379876
1.37	0.00006473887755769653
1.372	0.00006450424443203663
1.374	0.00006426968669627705
1.3760000000000001	0.00006403520382434796
1.3780000000000001	0.00006380079529460774
1.3800000000000001	0.00006356646058979914
1.3820000000000001	0.00006333219919700637
1.3840000000000001	0.00006309801060761221
1.3860000000000001	0.0000628638943172561
1.3880000000000001	0.00006262984982579223
1.3900000000000001	0.00006239587663724842
1.3920000000000001	0.00006216197425978528
1.3940000000000001	0.00006192814220565602
1.3960000000000001	0.00006169437999116647
1.3980000000000001	0.00006146068713663573
1.4000000000000001	0.00006122706316635716
1.4020000000000001	0.000060993507608559824
1.4040000000000001	0.00006076001999537047
1.4060000000000001	0.00006052659986277571
1.4080000000000001	0.00006029324675058484
1.4100000000000001	0.00006005996020239293
1.4120000000000001	0.00005982673976554436
1.4140000000000001	0.00005959358499109682
1.4160000000000001	0.00005936049543378559
1.4180000000000001	0.00005912747065198835
1.4200000000000002	0.000058894510207690206
1.4220000000000002	0.00005866161366644931
1.4240000000000002	0.000058428780597362624
1.4260000000000002	0.000058196010573032274
1.428	0.00005796330316953214
1.43	0.00005773065796637481
1.432	0.00005749807454647897
1.434	0.00005726555249613711
1.436	0.00005703309140498357
1.438	0.00005680069086596293
1.44	0.00005656835047529874
1.442	0.00005633606983246265
1.444	0.00005610384854014378
1.446	0.000055871686204218475
1.448	0.000055639582433720394
1.45	0.00005540753684081088
1.452	0.000055175549040749686
1.454	0.00005494361865186598
1.456	0.000054711745295529704
1.458	0.0000544799285961232
1.46	0.00005424816818101316
1.462	0.00005401646368052287
1.464	0.000053784814727904755
1.466	0.00005355322095931318
1.468	0.00005332168201377761
1.47	0.000053090197533176
1.472	0.00005285876716220849
1.474	0.00005262739054837133
1.476	0.00005239606734193119
1.478	0.000052164797195899596
1.48	0.00005193357976600778
1.482	0.000051702414710681676
1.484	0.00005147130169101726
1.486	0.00005124024037075611
1.488	0.000051009230416261204
1.49	0.00005077827149649304
1.492	0.000050547363282985924
1.494	0.00005031650544982457
1.496	0.0000500856976736209
1.498	0.00004985493963349114
1.5	0.000049624231011033034
1.502	0.000049476509117586046
1.504	0.00004932884610941003
1.506	0.000049181241586140065
1.508	0.000049033695150659905
1.51	0.000048886206409071454
1.512	0.000048738774970664444
1.514	0.000048591400447886435
1.516	0.00004844408245631322
1.518	0.000048296820614619415
1.52	0.000048149614544549556
1.522	0.00004800246387088926
1.524	0.00004785536822143692
1.526	0.000047708327226975535
1.528	0.00004756134052124498
1.53	0.0000474144077409144
1.532	0.000047267528525555095
1.534	0.00004712070251761352
1.536	0.00004697392936238466
1.538	0.000046827208707985685
1.54	0.00004668054020532986
1.542	0.0000465339235081007
1.544	0.00004638735827272647
1.546	0.00004624084415835489
1.548	0.00004609438082682817
1.55	0.0000459479679426582
1.552	0.000045801605173002115
1.554	0.000045655292187638026
1.556	0.000045509028658941107
1.558	0.00004536281426185978
1.56	0.00004521664867389233
1.562	0.0000450705315750636
1.564	0.00004492446264790198
1.566	0.000044778441577416726
1.568	0.00004463246805107541
1.57	0.00004448654175878158
1.572	0.00004434066239285277
1.574	0.000044194829647998634
1.576	0.00004404904322129933
1.578	0.000043903302812184185
1.58	0.00004375760812241047
1.582	0.0000436119588560425
1.584	0.00004346635471943087
1.586	0.00004332079542119196
1.588	0.00004317528067218761
1.59	0.00004302981018550503
1.592	0.00004288438367643688
1.594	0.00004273900086246159
1.596	0.000042593661463223845
1.598	0.000042448365200515334
1.6	0.00004230311179825562
1.602	0.00004215790098247321
1.604	0.000042012732481286864
1.606	0.00004186760602488708
1.608	0.00004172252134551774
1.61	0.00004157747817745792
1.612	0.00004143247625700399
1.614	0.00004128751532245175
1.616	0.000041142595114078886
1.618	0.00004099771537412746
1.62	0.00004085287584678672
1.622	0.00004070807627817595
1.624	0.0000405633164163276
1.6260000000000001	0.00004041859601117049
1.6280000000000001	0.000040273914814513285
1.6300000000000001	0.00004012927258002803
1.6320000000000001	0.00003998466906323391
1.6340000000000001	0.000039840104021481165
1.6360000000000001	0.00003969557721393517
1.6380000000000001	0.000039551088401560616
1.6400000000000001	0.00003940663734710595
1.6420000000000001	0.00003926222381508784
1.6440000000000001	0.000039117847571775946
1.6460000000000001	0.000038973508385177686
1.6480000000000001	0.00003882920602502327
1.6500000000000001	0.000038684940262750836
1.6520000000000001	0.000038540710871491704
1.6540000000000001	0.00003839651762605582
1.6560000000000001	0.00003825236030291731
1.6580000000000001	0.00003810823868020024
1.6600000000000001	0.000037964152537664396
1.6620000000000001	0.00003782010165669135
1.6640000000000001	0.000037676085820270523
1.6660000000000001	0.00003753210481298546
1.6680000000000001	0.00003738815842100024
1.6700000000000002	0.00003724424643204602
1.6720000000000002	0.00003710036863540764
1.6740000000000002	0.00003695652482191045
1.6760000000000002	0.00003681271478390721
1.6780000000000002	0.00003666893831526515
1.6800000000000002	0.00003652519521135311
1.6820000000000002	0.000036381485269028855
1.6840000000000002	0.00003623780828662647
1.686	0.00003609416406394391
1.688	0.00003595055240223063
1.69	0.000035806973104175367
1.692	0.000035663425973894085
1.694	0.000035519910816917896
1.696	0.00003537642744018122
1.698	0.00003523297565201004
1.7	0.0000350895552621102
1.702	0.000034946166081555905
1.704	0.00003480280792277829
1.706	0.00003465948059955405
1.708	0.00003451618392699428
1.71	0.00003437291772153334
1.712	0.00003422968180091784
1.714	0.000034086475984195796
1.716	0.000033943300091705713
1.718	0.00003380015394506605
1.72	0.00003365703736716451
1.722	0.00003351395018214757
1.724	0.00003337089221541014
1.726	0.0000332278632935852
1.728	0.00003308486324453361
1.73	0.00003294189189733405
1.732	0.00003279894908227297
1.734	0.00003265603463083467
1.736	0.000032513148375691526
1.738	0.00003237029015069419
1.74	0.000032227459790861995
1.742	0.000032084657132373405
1.744	0.000031941882012556515
1.746	0.00003179913426987973
1.748	0.00003165641374394243
1.75	0.0000315137202754658
1.752	0.00003142431802612046
1.754	0.00003133494831560183
1.756	0.00003124561094056076
1.758	0.000031156305699148495
1.76	0.00003106703239100391
1.762	0.00003097779081724084
1.764	0.000030888580780435625
1.766	0.00003079940208461467
1.768	0.00003071025453524217
1.77	0.00003062113793920796
1.772	0.000030532052104815496
1.774	0.00003044299684176988
1.776	0.000030353971961166068
1.778	0.000030264977275477184
1.78	0.000030176012598542917
1.782	0.00003008707774555803
1.784	0.000029998172533061016
1.786	0.00002990929677892282
1.788	0.000029820450302335688
1.79	0.00002973163292380211
1.792	0.000029642844465123885
1.794	0.000029554084749391284
1.796	0.000029465353600972297
1.798	0.000029376650845502002
1.8	0.00002928797630987203
1.802	0.000029199329822220143
1.804	0.000029110711211919846
1.806	0.000029022120309570196
1.808	0.00002893355694698563
1.81	0.00002884502095718592
1.812	0.000028756512174386216
1.814	0.000028668030433987162
1.816	0.00002857957557256518
1.818	0.00002849114742786271
1.82	0.00002840274583877869
1.822	0.00002831437064535901
1.824	0.000028226021688787123
1.826	0.0000281376988113747
1.828	0.000028049401856552417
1.83	0.00002796113066886078
1.832	0.000027872885093941068
1.834	0.000027784664978526335
1.836	0.000027696470170432512
1.838	0.000027608300518549624
1.84	0.000027520155872832993
1.842	0.00002743203608429462
1.844	0.000027343941004994587
1.846	0.000027255870488032584
1.848	0.00002716782438753945
1.85	0.00002707980255866886
1.852	0.000026991804857589057
1.854	0.000026903831141474637
1.856	0.000026815881268498453
1.858	0.00002672795509782356
1.86	0.000026640052489595257
1.862	0.00002655217330493318
1.864	0.000026464317405923498
1.866	0.000026376484655611115
1.868	0.000026288674917992035
1.87	0.000026200888058005716
1.872	0.00002611312394152756
1.874	0.00002602538243536139
1.8760000000000001	0.00002593766340723208
1.8780000000000001	0.000025849966725778187
1.8800000000000001	0.000025762292260544702
1.8820000000000001	0.00002567463988197582
1.8840000000000001	0.000025587009461407803
1.8860000000000001	0.00002549940087106189
1.8880000000000001	0.000025411813984037303
1.8900000000000001	0.00002532424867430426
1.8920000000000001	0.00002523670481669711
1.8940000000000001	0.000025149182286907502
1.8960000000000001	0.000025061680961477588
1.8980000000000001	0.00002497420071779336
1.9000000000000001	0.00002488674143407796
1.9020000000000001	0.000024799302989385105
1.9040000000000001	0.000024711885263592576
1.9060000000000001	0.00002462448813739572
1.9080000000000001	0.000024537111492301037
1.9100000000000001	0.000024449755210619846
1.9120000000000001	0.000024362419175461954
1.9140000000000001	0.000024275103270729435
1.9160000000000001	0.000024187807381110425
1.9180000000000001	0.000024100531392072983
1.9200000000000002	0.000024013275189859034
1.9220000000000002	0.000023926038661478317
1.9240000000000002	0.000023838821694702417
1.9260000000000002	0.00002375162417805885
1.9280000000000002	0.000023664446000825185
1.9300000000000002	0.000023577287053023243
1.9320000000000002	0.000023490147225413295
1.9340000000000002	0.00002340302640948839
1.9360000000000002	0.000023315924497468654
1.9380000000000002	0.000023228841382295702
1.94	0.00002314177695762704
1.942	0.000023054731117830556
1.944	0.000022967703757979083
1.946	0.000022880694773844913
1.948	0.000022793704061894492
1.95	0.000022706731519283034
1.952	0.000022619777043849256
1.954	0.000022532840534110172
1.956	0.000022445921889255844
1.958	0.000022359021009144288
1.96	0.000022272137794296338
1.962	0.00002218527214589062
1.964	0.0000220984239657585
1.966	0.000022011593156379154
1.968	0.000021924779620874588
1.97	0.000021837983263004825
1.972	0.000021751203987162986
1.974	0.000021664441698370548
1.976	0.000021577696302272544
1.978	0.000021490967705132866
1.98	0.000021404255813829572
1.982	0.00002131756053585026
1.984	0.000021230881779287464
1.986	0.000021144219452834085
1.988	0.000021057573465778877
1.99	0.000020970943728001966
1.992	0.00002088433014997041
1.994	0.00002079773264273377
1.996	0.000020711151117919778
1.998	0.000020624585487729965
2.	0.000020538035664935397
2.002	0.000019485337793264105
2.004	0.000019433417527686472
2.006	0.000019381497262108856
2.008	0.000019329576996531223
2.01	0.0000192776567309536
2.012	0.00001922573646537597
2.014	0.00001917381619979835
2.016	0.000019121895934220715
2.018	0.0000190699756686431
2.02	0.000019018055403065467
2.0220000000000002	0.000018966135137487834
2.024	0.00001891421487191021
2.0260000000000002	0.00001886229460633258
2.028	0.00001881037434075496
2.0300000000000002	0.00001875845407517733
2.032	0.00001870653380959971
2.0340000000000003	0.000018654613544022077
2.036	0.000018602693278444454
2.0380000000000003	0.00001855077301286682
2.04	0.000018498852747289206
2.0420000000000003	0.000018446932481711573
2.044	0.00001839501221613395
2.0460000000000003	0.000018343091950556317
2.048	0.0000182911716849787
2.0500000000000003	0.000018239251419401065
2.052	0.000018187331153823446
2.0540000000000003	0.000018135410888245816
2.056	0.000018083490622668194
2.0580000000000003	0.00001803157035709056
2.06	0.000017979650091512945
2.0620000000000003	0.000017927729825935312
2.064	0.00001787580956035769
2.0660000000000003	0.000017823889294780056
2.068	0.000017771969029202437
2.07	0.000017720048763624818
2.072	0.000017668128498047185
2.074	0.000017616208232469566
2.076	0.000017564287966891933
2.078	0.000017512367701314313
2.08	0.000017460447435736677
2.082	0.00001740852717015906
2.084	0.00001735660690458143
2.086	0.000017304686639003806
2.088	0.000017252766373426173
2.09	0.000017200846107848557
2.092	0.00001714892584227092
2.094	0.0000170970055766933
2.096	0.000017045085311115672
2.098	0.00001699316504553805
2.1	0.000016941244779960416
2.102	0.0000168893245143828
2.104	0.000016837404248805168
2.106	0.000016785483983227545
2.108	0.000016733563717649912
2.11	0.000016681643452072293
2.112	0.000016629723186494663
2.114	0.00001657780292091704
2.116	0.000016525882655339408
2.118	0.00001647396238976179
2.12	0.000016422042124184156
2.122	0.000016370121858606533
2.124	0.000016318201593028907
2.126	0.000016266281327451284
2.128	0.00001621436106187365
2.13	0.000016162440796296032
2.132	0.0000161105205307184
2.134	0.00001605860026514078
2.136	0.000016006679999563147
2.138	0.000015954759733985528
2.14	0.000015902839468407895
2.142	0.000015850919202830275
2.144	0.000015798998937252643
2.146	0.000015747078671675023
2.148	0.00001569515840609739
2.15	0.000015643238140519768
2.152	0.000015591317874942138
2.154	0.000015539397609364515
2.156	0.000015487477343786886
2.158	0.000015435557078209267
2.16	0.000015383636812631634
2.162	0.00001533171654705401
2.164	0.00001527979628147638
2.166	0.000015227876015898759
2.168	0.00001517595575032113
2.17	0.000015124035484743507
2.172	0.000015072115219165876
2.174	0.000015020194953588256
2.176	0.000014968274688010623
2.178	0.000014916354422433004
2.18	0.000014864434156855371
2.182	0.00001481251389127775
2.184	0.000014760593625700117
2.186	0.000014708673360122498
2.188	0.000014656753094544865
2.19	0.000014604832828967246
2.192	0.000014552912563389615
2.194	0.000014500992297811992
2.196	0.000014449072032234363
2.198	0.00001439715176665674
2.2	0.000014345231501079109
2.202	0.00001429331123550149
2.204	0.000014241390969923857
2.206	0.000014189470704346237
2.208	0.000014137550438768604
2.21	0.000014085630173190985
2.212	0.000014033709907613352
2.214	0.000013981789642035731
2.216	0.000013929869376458098
2.218	0.000013877949110880479
2.22	0.000013826028845302848
2.222	0.000013774108579725227
2.224	0.000013722188314147596
2.226	0.000013670268048569973
2.228	0.000013618347782992344
2.23	0.000013566427517414723
2.232	0.00001351450725183709
2.234	0.00001346258698625947
2.236	0.000013410666720681838
2.238	0.000013358746455104218
2.24	0.000013306826189526585
2.242	0.000013254905923948966
2.244	0.000013202985658371333
2.246	0.000013151065392793712
2.248	0.00001309914512721608
2.25	0.00001304722486163846
2.2520000000000002	0.000013013937480553047
2.254	0.000012980650099467644
2.2560000000000002	0.00001294736271838223
2.258	0.000012914075337296824
2.2600000000000002	0.000012880787956211413
2.262	0.000012847500575126007
2.2640000000000002	0.000012814213194040595
2.266	0.000012780925812955189
2.2680000000000002	0.000012747638431869779
2.27	0.000012714351050784373
2.2720000000000002	0.00001268106366969896
2.274	0.000012647776288613555
2.2760000000000002	0.000012614488907528142
2.278	0.000012581201526442735
2.2800000000000002	0.000012547914145357324
2.282	0.00001251462676427192
2.2840000000000003	0.000012481339383186506
2.286	0.000012448052002101101
2.2880000000000003	0.00001241476462101569
2.29	0.000012381477239930284
2.2920000000000003	0.00001234818985884487
2.294	0.000012314902477759468
2.2960000000000003	0.000012281615096674054
2.298	0.000012248327715588648
2.3000000000000003	0.000012215040334503237
2.302	0.00001218175295341783
2.3040000000000003	0.000012148465572332417
2.306	0.000012115178191247014
2.3080000000000003	0.000012081890810161601
2.31	0.000012048603429076196
2.3120000000000003	0.000012015316047990783
2.314	0.000011982028666905379
2.3160000000000003	0.000011948741285819965
2.318	0.00001191545390473456
2.3200000000000003	0.00001188216652364915
2.322	0.000011848879142563743
2.3240000000000003	0.00001181559176147833
2.326	0.000011782304380392925
2.328	0.000011749016999307519
2.33	0.000011715729618222109
2.332	0.000011682442237136703
2.334	0.000011649154856051291
2.336	0.000011615867474965885
2.338	0.000011582580093880472
2.34	0.000011549292712795067
2.342	0.000011516005331709654
2.344	0.00001148271795062425
2.346	0.000011449430569538838
2.348	0.000011416143188453431
2.35	0.000011382855807368018
2.352	0.000011349568426282614
2.354	0.0000113162810451972
2.356	0.000011282993664111797
2.358	0.000011249706283026384
2.36	0.00001121641890194098
2.362	0.000011183131520855566
2.364	0.00001114984413977016
2.366	0.000011116556758684749
2.368	0.000011083269377599344
2.37	0.000011049981996513931
2.372	0.000011016694615428526
2.374	0.000010983407234343113
2.376	0.000010950119853257708
2.378	0.000010916832472172295
2.38	0.000010883545091086892
2.382	0.000010850257710001479
2.384	0.000010816970328916073
2.386	0.000010783682947830661
2.388	0.000010750395566745255
2.39	0.000010717108185659842
2.392	0.000010683820804574437
2.394	0.000010650533423489024
2.396	0.000010617246042403621
2.398	0.000010583958661318208
2.4	0.000010550671280232802
2.402	0.00001051738389914739
2.404	0.000010484096518061984
2.406	0.000010450809136976572
2.408	0.000010417521755891168
2.41	0.000010384234374805754
2.412	0.00001035094699372035
2.414	0.000010317659612634937
2.416	0.00001028437223154953
2.418	0.000010251084850464119
2.42	0.000010217797469378714
2.422	0.000010184510088293303
2.424	0.000010151222707207896
2.426	0.000010117935326122485
2.428	0.000010084647945037079
2.43	0.000010051360563951665
2.432	0.000010018073182866262
2.434	9.98478580178085e-6
2.436	9.951498420695443e-6
2.438	9.918211039610032e-6
2.44	9.884923658524625e-6
2.442	9.851636277439214e-6
2.444	9.818348896353809e-6
2.446	9.785061515268396e-6
2.448	9.751774134182991e-6
2.45	9.718486753097578e-6
2.452	9.685199372012173e-6
2.454	9.65191199092676e-6
2.456	9.618624609841354e-6
2.458	9.585337228755944e-6
2.46	9.552049847670538e-6
2.462	9.518762466585125e-6
2.464	9.48547508549972e-6
2.466	9.452187704414307e-6
2.468	9.418900323328902e-6
2.47	9.385612942243489e-6
2.472	9.352325561158086e-6
2.474	9.319038180072673e-6
2.476	9.285750798987267e-6
2.478	9.252463417901855e-6
2.48	9.219176036816449e-6
2.482	9.185888655731036e-6
2.484	9.152601274645633e-6
2.486	9.11931389356022e-6
2.488	9.086026512474815e-6
2.49	9.052739131389402e-6
2.492	9.019451750303995e-6
2.494	8.986164369218584e-6
2.496	8.95287698813318e-6
2.498	8.919589607047768e-6
2.5	8.886302225962361e-6
2.5020000000000002	8.864496985633513e-6
2.504	8.84269174530467e-6
2.5060000000000002	8.82088650497582e-6
2.508	8.799081264646977e-6
2.5100000000000002	8.77727602431813e-6
2.512	8.755470783989285e-6
2.5140000000000002	8.733665543660438e-6
2.516	8.711860303331595e-6
2.5180000000000002	8.690055063002746e-6
2.52	8.668249822673903e-6
2.5220000000000002	8.646444582345054e-6
2.524	8.624639342016212e-6
2.5260000000000002	8.602834101687362e-6
2.528	8.58102886135852e-6
2.5300000000000002	8.559223621029673e-6
2.532	8.537418380700828e-6
2.5340000000000003	8.51561314037198e-6
2.536	8.493807900043138e-6
2.5380000000000003	8.47200265971429e-6
2.54	8.450197419385446e-6
2.5420000000000003	8.428392179056597e-6
2.544	8.406586938727754e-6
2.5460000000000003	8.384781698398905e-6
2.548	8.362976458070062e-6
2.5500000000000003	8.341171217741213e-6
2.552	8.31936597741237e-6
2.5540000000000003	8.297560737083521e-6
2.556	8.27575549675468e-6
2.5580000000000003	8.25395025642583e-6
2.56	8.232145016096985e-6
2.5620000000000003	8.210339775768139e-6
2.564	8.188534535439297e-6
2.5660000000000003	8.166729295110448e-6
2.568	8.144924054781605e-6
2.5700000000000003	8.123118814452756e-6
2.572	8.101313574123913e-6
2.5740000000000003	8.079508333795064e-6
2.576	8.05770309346622e-6
2.5780000000000003	8.035897853137372e-6
2.58	8.01409261280853e-6
2.582	7.992287372479687e-6
2.584	7.970482132150838e-6
2.586	7.948676891821995e-6
2.588	7.926871651493146e-6
2.59	7.905066411164303e-6
2.592	7.883261170835454e-6
2.594	7.861455930506612e-6
2.596	7.839650690177762e-6
2.598	7.81784544984892e-6
2.6	7.796040209520071e-6
2.602	7.774234969191228e-6
2.604	7.75242972886238e-6
2.606	7.730624488533536e-6
2.608	7.708819248204687e-6
2.61	7.687014007875844e-6
2.612	7.665208767546997e-6
2.614	7.643403527218153e-6
2.616	7.621598286889305e-6
2.618	7.599793046560461e-6
2.62	7.577987806231613e-6
2.622	7.55618256590277e-6
2.624	7.534377325573921e-6
2.626	7.512572085245078e-6
2.628	7.49076684491623e-6
2.63	7.468961604587387e-6
2.632	7.447156364258538e-6
2.634	7.425351123929695e-6
2.636	7.403545883600847e-6
2.638	7.381740643272004e-6
2.64	7.359935402943155e-6
2.642	7.338130162614312e-6
2.644	7.316324922285464e-6
2.646	7.29451968195662e-6
2.648	7.272714441627772e-6
2.65	7.250909201298928e-6
2.652	7.2291039609700805e-6
2.654	7.207298720641237e-6
2.656	7.1854934803123884e-6
2.658	7.163688239983545e-6
2.66	7.141882999654697e-6
2.662	7.1200777593258546e-6
2.664	7.098272518997006e-6
2.666	7.0764672786681625e-6
2.668	7.054662038339314e-6
2.67	7.03285679801047e-6
2.672	7.011051557681623e-6
2.674	6.989246317352778e-6
2.676	6.967441077023931e-6
2.678	6.945635836695088e-6
2.68	6.9238305963662385e-6
2.682	6.902025356037396e-6
2.684	6.880220115708548e-6
2.686	6.858414875379705e-6
2.688	6.836609635050856e-6
2.69	6.814804394722013e-6
2.692	6.792999154393164e-6
2.694	6.7711939140643205e-6
2.696	6.749388673735473e-6
2.698	6.72758343340663e-6
2.7	6.7057781930777816e-6
2.702	6.683972952748938e-6
2.704	6.6621677124200895e-6
2.706	6.640362472091246e-6
2.708	6.618557231762398e-6
2.71	6.596751991433555e-6
2.712	6.574946751104706e-6
2.714	6.553141510775863e-6
2.716	6.531336270447014e-6
2.718	6.5095310301181715e-6
2.72	6.487725789789324e-6
2.722	6.46592054946048e-6
2.724	6.444115309131632e-6
2.726	6.422310068802788e-6
2.728	6.40050482847394e-6
2.73	6.378699588145096e-6
2.732	6.356894347816248e-6
2.734	6.335089107487406e-6
2.736	6.313283867158557e-6
2.738	6.291478626829714e-6
2.74	6.269673386500865e-6
2.742	6.247868146172022e-6
2.744	6.226062905843174e-6
2.746	6.20425766551433e-6
2.748	6.182452425185482e-6
2.75	6.160647184856638e-6
2.7520000000000002	6.146089626754086e-6
2.754	6.131532068651536e-6
2.7560000000000002	6.116974510548984e-6
2.758	6.102416952446434e-6
2.7600000000000002	6.0878593943438815e-6
2.762	6.073301836241332e-6
2.7640000000000002	6.05874427813878e-6
2.766	6.04418672003623e-6
2.7680000000000002	6.029629161933678e-6
2.77	6.015071603831127e-6
2.7720000000000002	6.000514045728574e-6
2.774	5.985956487626025e-6
2.7760000000000002	5.971398929523472e-6
2.778	5.9568413714209226e-6
2.7800000000000002	5.9422838133183695e-6
2.782	5.927726255215821e-6
2.7840000000000003	5.913168697113268e-6
2.786	5.898611139010719e-6
2.7880000000000003	5.884053580908166e-6
2.79	5.869496022805616e-6
2.7920000000000003	5.854938464703063e-6
2.794	5.840380906600514e-6
2.7960000000000003	5.825823348497961e-6
2.798	5.811265790395411e-6
2.8000000000000003	5.796708232292859e-6
2.802	5.782150674190309e-6
2.8040000000000003	5.7675931160877565e-6
2.806	5.753035557985207e-6
2.8080000000000003	5.738477999882655e-6
2.81	5.723920441780105e-6
2.8120000000000003	5.709362883677553e-6
2.814	5.694805325575002e-6
2.8160000000000003	5.68024776747245e-6
2.818	5.6656902093699e-6
2.8200000000000003	5.651132651267348e-6
2.822	5.636575093164798e-6
2.8240000000000003	5.6220175350622445e-6
2.826	5.607459976959696e-6
2.8280000000000003	5.592902418857143e-6
2.83	5.578344860754594e-6
2.8320000000000003	5.563787302652041e-6
2.834	5.549229744549491e-6
2.836	5.534672186446941e-6
2.838	5.520114628344389e-6
2.84	5.505557070241839e-6
2.842	5.4909995121392865e-6
2.844	5.476441954036737e-6
2.846	5.461884395934185e-6
2.848	5.447326837831635e-6
2.85	5.432769279729083e-6
2.852	5.418211721626533e-6
2.854	5.40365416352398e-6
2.856	5.38909660542143e-6
2.858	5.374539047318877e-6
2.86	5.359981489216328e-6
2.862	5.345423931113775e-6
2.864	5.330866373011226e-6
2.866	5.316308814908673e-6
2.868	5.301751256806124e-6
2.87	5.287193698703571e-6
2.872	5.272636140601022e-6
2.874	5.258078582498469e-6
2.876	5.243521024395919e-6
2.878	5.228963466293366e-6
2.88	5.214405908190817e-6
2.882	5.199848350088264e-6
2.884	5.185290791985715e-6
2.886	5.170733233883162e-6
2.888	5.156175675780612e-6
2.89	5.14161811767806e-6
2.892	5.12706055957551e-6
2.894	5.112503001472958e-6
2.896	5.097945443370408e-6
2.898	5.083387885267856e-6
2.9	5.068830327165305e-6
2.902	5.054272769062753e-6
2.904	5.0397152109602034e-6
2.906	5.02515765285765e-6
2.908	5.010600094755101e-6
2.91	4.996042536652548e-6
2.912	4.981484978549999e-6
2.914	4.966927420447446e-6
2.916	4.952369862344897e-6
2.918	4.937812304242344e-6
2.92	4.923254746139794e-6
2.922	4.908697188037241e-6
2.924	4.894139629934692e-6
2.926	4.879582071832139e-6
2.928	4.8650245137295904e-6
2.93	4.850466955627037e-6
2.932	4.835909397524488e-6
2.934	4.821351839421935e-6
2.936	4.806794281319386e-6
2.938	4.792236723216833e-6
2.94	4.777679165114283e-6
2.942	4.763121607011731e-6
2.944	4.74856404890918e-6
2.946	4.734006490806628e-6
2.948	4.7194489327040785e-6
2.95	4.704891374601526e-6
2.952	4.690333816498976e-6
2.954	4.6757762583964235e-6
2.956	4.661218700293874e-6
2.958	4.646661142191321e-6
2.96	4.632103584088772e-6
2.962	4.617546025986219e-6
2.964	4.602988467883669e-6
2.966	4.588430909781116e-6
2.968	4.573873351678567e-6
2.97	4.559315793576014e-6
2.972	4.5447582354734655e-6
2.974	4.530200677370912e-6
2.976	4.515643119268363e-6
2.978	4.50108556116581e-6
2.98	4.486528003063261e-6
2.982	4.471970444960708e-6
2.984	4.457412886858158e-6
2.986	4.442855328755605e-6
2.988	4.428297770653056e-6
2.99	4.413740212550503e-6
2.992	4.3991826544479535e-6
2.994	4.384625096345401e-6
2.996	4.370067538242851e-6
2.998	4.3555099801402986e-6
3.	4.340952422037749e-6
3.0020000000000002	4.3310645426520555e-6
3.004	4.321176663266364e-6
3.0060000000000002	4.31128878388067e-6
3.008	4.301400904494979e-6
3.0100000000000002	4.2915130251092855e-6
3.012	4.281625145723595e-6
3.0140000000000002	4.2717372663379005e-6
3.016	4.261849386952208e-6
3.0180000000000002	4.2519615075665155e-6
3.02	4.242073628180824e-6
3.0220000000000002	4.23218574879513e-6
3.024	4.222297869409439e-6
3.0260000000000002	4.212409990023745e-6
3.028	4.202522110638053e-6
3.0300000000000002	4.1926342312523596e-6
3.032	4.182746351866668e-6
3.0340000000000003	4.172858472480974e-6
3.036	4.162970593095283e-6
3.0380000000000003	4.1530827137095895e-6
3.04	4.143194834323898e-6
3.0420000000000003	4.1333069549382045e-6
3.044	4.123419075552512e-6
3.0460000000000003	4.1135311961668195e-6
3.048	4.103643316781128e-6
3.0500000000000003	4.093755437395434e-6
3.052	4.083867558009743e-6
3.0540000000000003	4.073979678624049e-6
3.056	4.064091799238358e-6
3.0580000000000003	4.054203919852664e-6
3.06	4.044316040466972e-6
3.0620000000000003	4.034428161081279e-6
3.064	4.024540281695587e-6
3.0660000000000003	4.0146524023098936e-6
3.068	4.004764522924202e-6
3.0700000000000003	3.9948766435385085e-6
3.072	3.984988764152817e-6
3.0740000000000003	3.9751008847671235e-6
3.076	3.965213005381432e-6
3.0780000000000003	3.9553251259957385e-6
3.08	3.945437246610047e-6
3.0820000000000003	3.935549367224353e-6
3.084	3.925661487838662e-6
3.0860000000000003	3.915773608452968e-6
3.088	3.905885729067277e-6
3.0900000000000003	3.895997849681583e-6
3.092	3.886109970295891e-6
3.094	3.8762220909102e-6
3.096	3.866334211524506e-6
3.098	3.856446332138814e-6
3.1	3.846558452753121e-6
3.102	3.836670573367429e-6
3.104	3.826782693981736e-6
3.106	3.816894814596044e-6
3.108	3.8070069352103505e-6
3.11	3.7971190558246592e-6
3.112	3.787231176438966e-6
3.114	3.777343297053274e-6
3.116	3.7674554176675804e-6
3.118	3.7575675382818888e-6
3.12	3.7476796588961954e-6
3.122	3.737791779510504e-6
3.124	3.72790390012481e-6
3.126	3.7180160207391187e-6
3.128	3.708128141353425e-6
3.13	3.6982402619677337e-6
3.132	3.68835238258204e-6
3.134	3.6784645031963483e-6
3.136	3.668576623810655e-6
3.138	3.6586887444249633e-6
3.14	3.6488008650392695e-6
3.142	3.6389129856535782e-6
3.144	3.629025106267885e-6
3.146	3.619137226882193e-6
3.148	3.6092493474964994e-6
3.15	3.5993614681108078e-6
3.152	3.5894735887251144e-6
3.154	3.5795857093394228e-6
3.156	3.569697829953729e-6
3.158	3.5598099505680377e-6
3.16	3.5499220711823444e-6
3.162	3.5400341917966523e-6
3.164	3.530146312410959e-6
3.166	3.5202584330252673e-6
3.168	3.5103705536395735e-6
3.17	3.5004826742538823e-6
3.172	3.4905947948681885e-6
3.174	3.4807069154824973e-6
3.176	3.4708190360968035e-6
3.178	3.460931156711112e-6
3.18	3.4510432773254185e-6
3.182	3.4411553979397272e-6
3.184	3.431267518554033e-6
3.186	3.4213796391683418e-6
3.188	3.411491759782648e-6
3.19	3.4016038803969568e-6
3.192	3.391716001011263e-6
3.194	3.3818281216255713e-6
3.196	3.371940242239878e-6
3.198	3.3620523628541863e-6
3.2	3.3521644834684925e-6
3.202	3.3422766040828013e-6
3.204	3.332388724697108e-6
3.206	3.3225008453114163e-6
3.208	3.3126129659257225e-6
3.21	3.302725086540031e-6
3.212	3.2928372071543375e-6
3.214	3.2829493277686462e-6
3.216	3.273061448382952e-6
3.218	3.263173568997261e-6
3.22	3.2532856896115674e-6
3.222	3.2433978102258754e-6
3.224	3.233509930840182e-6
3.226	3.2236220514544903e-6
3.228	3.213734172068797e-6
3.23	3.2038462926831053e-6
3.232	3.1939584132974115e-6
3.234	3.1840705339117203e-6
3.236	3.174182654526027e-6
3.238	3.164294775140335e-6
3.24	3.1544068957546415e-6
3.242	3.14451901636895e-6
3.244	3.134631136983256e-6
3.246	3.124743257597565e-6
3.248	3.114855378211871e-6
3.25	3.10496749882618e-6
3.2520000000000002	3.098142056820479e-6
3.254	3.091316614814779e-6
3.2560000000000002	3.0844911728090783e-6
3.258	3.0776657308033787e-6
3.2600000000000002	3.070840288797678e-6
3.262	3.064014846791979e-6
3.2640000000000002	3.057189404786277e-6
3.266	3.0503639627805777e-6
3.2680000000000002	3.043538520774877e-6
3.27	3.036713078769178e-6
3.2720000000000002	3.029887636763477e-6
3.274	3.0230621947577775e-6
3.2760000000000002	3.0162367527520763e-6
3.278	3.0094113107463767e-6
3.2800000000000002	3.002585868740676e-6
3.282	2.9957604267349764e-6
3.2840000000000003	2.9889349847292756e-6
3.286	2.9821095427235757e-6
3.2880000000000003	2.975284100717875e-6
3.29	2.9684586587121753e-6
3.2920000000000003	2.9616332167064746e-6
3.294	2.954807774700775e-6
3.2960000000000003	2.947982332695074e-6
3.298	2.9411568906893747e-6
3.3000000000000003	2.934331448683674e-6
3.302	2.9275060066779744e-6
3.3040000000000003	2.920680564672273e-6
3.306	2.913855122666574e-6
3.3080000000000003	2.907029680660873e-6
3.31	2.9002042386551733e-6
3.3120000000000003	2.8933787966494725e-6
3.314	2.886553354643773e-6
3.3160000000000003	2.879727912638072e-6
3.318	2.8729024706323723e-6
3.3200000000000003	2.8660770286266715e-6
3.322	2.859251586620972e-6
3.3240000000000003	2.852426144615271e-6
3.326	2.845600702609572e-6
3.3280000000000003	2.8387752606038704e-6
3.33	2.831949818598171e-6
3.3320000000000003	2.82512437659247e-6
3.334	2.818298934586771e-6
3.3360000000000003	2.81147349258107e-6
3.338	2.8046480505753707e-6
3.3400000000000003	2.7978226085696694e-6
3.342	2.79099716656397e-6
3.3440000000000003	2.784171724558269e-6
3.346	2.7773462825525696e-6
3.3480000000000003	2.770520840546869e-6
3.35	2.7636953985411693e-6
3.352	2.7568699565354693e-6
3.354	2.7500445145297685e-6
3.356	2.743219072524069e-6
3.358	2.7363936305183682e-6
3.36	2.729568188512669e-6
3.362	2.722742746506968e-6
3.364	2.7159173045012684e-6
3.366	2.7090918624955676e-6
3.368	2.702266420489868e-6
3.37	2.6954409784841673e-6
3.372	2.6886155364784677e-6
3.374	2.6817900944727665e-6
3.376	2.674964652467067e-6
3.378	2.668139210461366e-6
3.38	2.6613137684556667e-6
3.382	2.654488326449966e-6
3.384	2.647662884444266e-6
3.386	2.640837442438565e-6
3.388	2.634012000432866e-6
3.39	2.627186558427165e-6
3.392	2.6203611164214657e-6
3.394	2.613535674415764e-6
3.396	2.606710232410065e-6
3.398	2.599884790404364e-6
3.4	2.5930593483986647e-6
3.402	2.586233906392964e-6
3.404	2.5794084643872643e-6
3.406	2.572583022381563e-6
3.408	2.5657575803758636e-6
3.41	2.558932138370163e-6
3.412	2.5521066963644633e-6
3.414	2.5452812543587625e-6
3.416	2.5384558123530625e-6
3.418	2.5316303703473617e-6
3.42	2.5248049283416622e-6
3.422	2.5179794863359614e-6
3.424	2.5111540443302623e-6
3.426	2.5043286023245615e-6
3.428	2.4975031603188616e-6
3.43	2.4906777183131608e-6
3.432	2.4838522763074613e-6
3.434	2.4770268343017605e-6
3.436	2.470201392296061e-6
3.438	2.4633759502903597e-6
3.44	2.45655050828466e-6
3.442	2.4497250662789594e-6
3.444	2.44289962427326e-6
3.446	2.436074182267559e-6
3.448	2.4292487402618596e-6
3.45	2.4224232982561583e-6
3.452	2.4155978562504592e-6
3.454	2.408772414244758e-6
3.456	2.401946972239059e-6
3.458	2.3951215302333573e-6
3.46	2.388296088227658e-6
3.462	2.3814706462219574e-6
3.464	2.374645204216258e-6
3.466	2.367819762210557e-6
3.468	2.3609943202048575e-6
3.47	2.3541688781991563e-6
3.472	2.347343436193457e-6
3.474	2.340517994187756e-6
3.476	2.3336925521820565e-6
3.478	2.3268671101763557e-6
3.48	2.320041668170656e-6
3.482	2.313216226164955e-6
3.484	2.3063907841592554e-6
3.486	2.2995653421535546e-6
3.488	2.2927399001478555e-6
3.49	2.2859144581421547e-6
3.492	2.2790890161364548e-6
3.494	2.272263574130754e-6
3.496	2.2654381321250545e-6
3.498	2.2586126901193537e-6
3.5	2.251787248113654e-6
3.5020000000000002	2.2470140922864476e-6
3.504	2.2422409364592428e-6
3.5060000000000002	2.237467780632037e-6
3.508	2.2326946248048323e-6
3.5100000000000002	2.227921468977626e-6
3.512	2.2231483131504214e-6
3.5140000000000002	2.2183751573232153e-6
3.516	2.2136020014960105e-6
3.5180000000000002	2.2088288456688044e-6
3.52	2.2040556898415995e-6
3.5220000000000002	2.199282534014394e-6
3.524	2.194509378187189e-6
3.5260000000000002	2.1897362223599825e-6
3.528	2.1849630665327777e-6
3.5300000000000002	2.1801899107055716e-6
3.532	2.1754167548783668e-6
3.5340000000000003	2.170643599051161e-6
3.536	2.1658704432239563e-6
3.5380000000000003	2.1610972873967498e-6
3.54	2.156324131569545e-6
3.5420000000000003	2.1515509757423393e-6
3.544	2.146777819915134e-6
3.5460000000000003	2.1420046640879283e-6
3.548	2.137231508260723e-6
3.5500000000000003	2.1324583524335174e-6
3.552	2.127685196606312e-6
3.5540000000000003	2.1229120407791065e-6
3.556	2.1181388849519017e-6
3.5580000000000003	2.113365729124695e-6
3.56	2.1085925732974903e-6
3.5620000000000003	2.1038194174702847e-6
3.564	2.09904626164308e-6
3.5660000000000003	2.0942731058158737e-6
3.568	2.089499949988669e-6
3.5700000000000003	2.0847267941614624e-6
3.572	2.0799536383342576e-6
3.5740000000000003	2.075180482507052e-6
3.576	2.070407326679847e-6
3.5780000000000003	2.065634170852641e-6
3.58	2.060861015025436e-6
3.5820000000000003	2.05608785919823e-6
3.584	2.0513147033710252e-6
3.5860000000000003	2.046541547543819e-6
3.588	2.0417683917166143e-6
3.5900000000000003	2.0369952358894086e-6
3.592	2.032222080062204e-6
3.5940000000000003	2.0274489242349973e-6
3.596	2.0226757684077925e-6
3.5980000000000003	2.0179026125805864e-6
3.6	2.0131294567533816e-6
3.6020000000000003	2.008356300926176e-6
3.604	2.003583145098971e-6
3.606	1.998809989271766e-6
3.608	1.9940368334445597e-6
3.61	1.989263677617355e-6
3.612	1.984490521790149e-6
3.614	1.979717365962944e-6
3.616	1.974944210135738e-6
3.618	1.970171054308533e-6
3.62	1.9653978984813274e-6
3.622	1.960624742654122e-6
3.624	1.9558515868269165e-6
3.626	1.9510784309997116e-6
3.628	1.946305275172505e-6
3.63	1.9415321193453003e-6
3.632	1.9367589635180946e-6
3.634	1.9319858076908894e-6
3.636	1.9272126518636837e-6
3.638	1.922439496036479e-6
3.64	1.9176663402092728e-6
3.642	1.912893184382068e-6
3.644	1.908120028554862e-6
3.646	1.903346872727657e-6
3.648	1.898573716900451e-6
3.65	1.893800561073246e-6
3.652	1.8890274052460398e-6
3.654	1.884254249418835e-6
3.656	1.879481093591629e-6
3.658	1.8747079377644243e-6
3.66	1.8699347819372182e-6
3.662	1.8651616261100134e-6
3.664	1.8603884702828073e-6
3.666	1.8556153144556024e-6
3.668	1.8508421586283966e-6
3.67	1.8460690028011913e-6
3.672	1.8412958469739856e-6
3.674	1.8365226911467806e-6
3.676	1.8317495353195745e-6
3.678	1.8269763794923697e-6
3.68	1.8222032236651638e-6
3.682	1.8174300678379588e-6
3.684	1.8126569120107529e-6
3.686	1.807883756183548e-6
3.688	1.803110600356342e-6
3.69	1.7983374445291371e-6
3.692	1.793564288701931e-6
3.694	1.788791132874726e-6
3.696	1.7840179770475201e-6
3.698	1.779244821220315e-6
3.7	1.7744716653931092e-6
3.702	1.7696985095659044e-6
3.704	1.7649253537386983e-6
3.706	1.7601521979114934e-6
3.708	1.7553790420842876e-6
3.71	1.7506058862570825e-6
3.712	1.7458327304298766e-6
3.714	1.7410595746026718e-6
3.716	1.7362864187754657e-6
3.718	1.7315132629482607e-6
3.72	1.7267401071210546e-6
3.722	1.7219669512938498e-6
3.724	1.7171937954666439e-6
3.726	1.712420639639439e-6
3.728	1.707647483812233e-6
3.73	1.7028743279850281e-6
3.732	1.698101172157822e-6
3.734	1.6933280163306172e-6
3.736	1.6885548605034113e-6
3.738	1.6837817046762063e-6
3.74	1.6790085488490004e-6
3.742	1.6742353930217954e-6
3.744	1.6694622371945893e-6
3.746	1.6646890813673845e-6
3.748	1.6599159255401784e-6
3.75	1.6551427697129735e-6
3.7520000000000002	1.651755616342432e-6
3.754	1.6483684629718914e-6
3.7560000000000002	1.6449813096013498e-6
3.758	1.641594156230809e-6
3.7600000000000002	1.6382070028602674e-6
3.762	1.6348198494897266e-6
3.7640000000000002	1.631432696119185e-6
3.766	1.6280455427486443e-6
3.7680000000000002	1.6246583893781028e-6
3.77	1.621271236007562e-6
3.7720000000000002	1.6178840826370205e-6
3.774	1.6144969292664795e-6
3.7760000000000002	1.611109775895938e-6
3.778	1.6077226225253974e-6
3.7800000000000002	1.6043354691548557e-6
3.782	1.6009483157843148e-6
3.7840000000000003	1.5975611624137734e-6
3.786	1.5941740090432325e-6
3.7880000000000003	1.5907868556726913e-6
3.79	1.5873997023021502e-6
3.7920000000000003	1.5840125489316087e-6
3.794	1.5806253955610681e-6
3.7960000000000003	1.5772382421905264e-6
3.798	1.5738510888199858e-6
3.8000000000000003	1.570463935449444e-6
3.802	1.5670767820789033e-6
3.8040000000000003	1.5636896287083616e-6
3.806	1.560302475337821e-6
3.8080000000000003	1.5569153219672795e-6
3.81	1.5535281685967385e-6
3.8120000000000003	1.5501410152261972e-6
3.814	1.5467538618556561e-6
3.8160000000000003	1.5433667084851149e-6
3.818	1.539979555114574e-6
3.8200000000000003	1.5365924017440324e-6
3.822	1.5332052483734917e-6
3.8240000000000003	1.52981809500295e-6
3.826	1.5264309416324092e-6
3.8280000000000003	1.5230437882618677e-6
3.83	1.519656634891327e-6
3.8320000000000003	1.5162694815207854e-6
3.834	1.5128823281502448e-6
3.8360000000000003	1.5094951747797031e-6
3.838	1.5061080214091623e-6
3.8400000000000003	1.5027208680386208e-6
3.842	1.49933371466808e-6
3.8440000000000003	1.4959465612975383e-6
3.846	1.4925594079269977e-6
3.8480000000000003	1.4891722545564562e-6
3.85	1.4857851011859153e-6
3.8520000000000003	1.4823979478153739e-6
3.854	1.479010794444833e-6
3.8560000000000003	1.4756236410742914e-6
3.858	1.4722364877037507e-6
3.86	1.4688493343332099e-6
3.862	1.4654621809626684e-6
3.864	1.4620750275921276e-6
3.866	1.458687874221586e-6
3.868	1.4553007208510453e-6
3.87	1.4519135674805036e-6
3.872	1.4485264141099627e-6
3.874	1.4451392607394215e-6
3.876	1.4417521073688804e-6
3.878	1.4383649539983392e-6
3.88	1.4349778006277981e-6
3.882	1.4315906472572567e-6
3.884	1.428203493886716e-6
3.886	1.4248163405161743e-6
3.888	1.4214291871456335e-6
3.89	1.4180420337750918e-6
3.892	1.4146548804045512e-6
3.894	1.4112677270340097e-6
3.896	1.4078805736634689e-6
3.898	1.4044934202929274e-6
3.9	1.4011062669223864e-6
3.902	1.397719113551845e-6
3.904	1.3943319601813043e-6
3.906	1.3909448068107626e-6
3.908	1.387557653440222e-6
3.91	1.3841705000696803e-6
3.912	1.3807833466991396e-6
3.914	1.3773961933285982e-6
3.916	1.3740090399580571e-6
3.918	1.3706218865875156e-6
3.92	1.3672347332169748e-6
3.922	1.3638475798464333e-6
3.924	1.3604604264758927e-6
3.926	1.357073273105351e-6
3.928	1.3536861197348102e-6
3.93	1.3502989663642687e-6
3.932	1.3469118129937279e-6
3.934	1.3435246596231864e-6
3.936	1.3401375062526456e-6
3.938	1.336750352882104e-6
3.94	1.3333631995115633e-6
3.942	1.3299760461410218e-6
3.944	1.326588892770481e-6
3.946	1.3232017393999393e-6
3.948	1.3198145860293986e-6
3.95	1.316427432658857e-6
3.952	1.3130402792883163e-6
3.954	1.3096531259177748e-6
3.956	1.3062659725472338e-6
3.958	1.3028788191766923e-6
3.96	1.2994916658061515e-6
3.962	1.29610451243561e-6
3.964	1.2927173590650694e-6
3.966	1.2893302056945277e-6
3.968	1.2859430523239869e-6
3.97	1.2825558989534454e-6
3.972	1.2791687455829046e-6
3.974	1.275781592212363e-6
3.976	1.2723944388418222e-6
3.978	1.2690072854712808e-6
3.98	1.2656201321007397e-6
3.982	1.2622329787301985e-6
3.984	1.2588458253596576e-6
3.986	1.255458671989116e-6
3.988	1.2520715186185753e-6
3.99	1.2486843652480336e-6
3.992	1.245297211877493e-6
3.994	1.2419100585069515e-6
3.996	1.2385229051364105e-6
3.998	1.235135751765869e-6
4.	1.2317485983953282e-6